observation_no,osc_rpc_configuration_current.mppr_value,osc_rpc_configuration_current.mrif_value,osc_rpc_configuration_current.mdm_value,llite_stats_read_bytes.no_of_samples,llite_stats_read_bytes.sample_min,llite_stats_read_bytes.sample_max,llite_stats_read_bytes.samples_sum,llite_stats_write_bytes.no_of_samples,llite_stats_write_bytes.sample_min,llite_stats_write_bytes.sample_max,llite_stats_write_bytes.samples_sum,ost_read_rpc_bytes_data.no_of_samples,ost_read_rpc_bytes_data.sample_min,ost_read_rpc_bytes_data.sample_max,ost_read_rpc_bytes_data.samples_sum,ost_read_rpc_usec_data.no_of_samples,ost_read_rpc_usec_data.sample_min,ost_read_rpc_usec_data.sample_max,ost_read_rpc_usec_data.samples_sum,ost_write_rpc_bytes_data.no_of_samples,ost_write_rpc_bytes_data.sample_min,ost_write_rpc_bytes_data.sample_max,ost_write_rpc_bytes_data.samples_sum,ost_write_rpc_usec_data.no_of_samples,ost_write_rpc_usec_data.sample_min,ost_write_rpc_usec_data.sample_max,ost_write_rpc_usec_data.samples_sum,osc_req_waittime_data.no_of_samples,osc_req_waittime_data.sample_min,osc_req_waittime_data.sample_max,osc_req_waittime_data.samples_sum,osc_req_active_data.no_of_samples,osc_req_active_data.sample_min,osc_req_active_data.sample_max,osc_req_active_data.samples_sum,cur_dirty_bytes,cur_grant_bytes,cur_read_rif,pending_read_pages,cur_write_rif,pending_write_pages,is_dist_centered,avg_pages_per_write_rpc,write_avg_xfer_speed,write_max_xfer_speed,used_pct_dirty_cache,waittime_to_mrif_ratio,avg_waittime,write_rpc_generation_rate,avg_write_rpc_latency_per_unit_data,avg_write_rpc_waittime,avg_rpcs_in_flight,actual_record_duration
which observation it is (start from 1),max_pages_per_rpc (mppr),max_rpcs_in_flight (mrif),max_dirty_mb (mdm),total count of llite layer read IOs,minimum size of llite layer read IOs,maximum size of llite layer read IOs,total size of all llite layer read IOs,total count of llite layer write IOs,minimum size of llite layer write IOs,maximum size of llite layer write IOs,total size of all llite layer write IOs,total count of OSC layer read RPCs,minimum size of OSC layer read RPCs,maximum size of OSC layer read RPCs,total size of all OSC layer read RPCs,total count of OSC layer read RPCs,minimum time spent by OSC layer read RPCs,maximum time spent by OSC layer read RPCs,total time spent by all OSC layer read RPCs,total count of OSC layer write RPCs,minimum size of OSC layer write RPCs,maximum size of OSC layer write RPCs,total size of all OSC layer write RPCs,total count of OSC layer write RPCs,minimum time spent by OSC layer write RPCs,maximum time spent by OSC layer write RPCs,total time spent by all OSC layer write RPCs,total count of completed RPCs whose waittime got recorded,minimum waittime recorded among all completed RPCs,maximum waittime recorded among all completed RPCs,total amount of waittime recorded for all completed RPCs,total count of issued RPCs,minimum RPCs in the air observed among all issued RPCs,maximum RPCs in the air observed among all issued RPCs,total RPCs in the air observed for all issued RPCs,current amount of dirty pages (in bytes) in dirty page cache,current amount of space the client has reserved for the writeback cache with each OST,current amount of read RPCs in air,pending amount of read pages waiting to be cached,current amount of write RPCs in air,pending amount of write pages waiting to be cached,"is pages_per_rpc distribution centered: Centered(+1), Decentered(-1), Empty(0)",average pages observed among issued write RPCs,average transfer speed of write RPCs,maximum transfer speed of write RPCs,percentages of dirty page cache that is occupied,ratio of avg_waittime to max_rpcs_in_flight,average of waittime for all completed RPCs,how fast data is being utilized to generate RPCs,"the average amount of latency observed during write RPC communication for a unit (in Page, size = 4kB) of data",average of waittime for completed write RPCs,average number of observed RPCs in flight,actual snapshot record duration
0,1024,8,2000,0,0,0,0,0,0,0,0,0,0,0,0,0,0,0,0,0,0,0,0,0,0,0,0,0,0,0,0,0,0,0,0,0,1887485951,0,0,0,0,0,0.0,0,0,0.0,0,0,0,0,0,0,0
1,16,16,2000,0,0,0,0,0,0,0,0,0,0,0,0,0,0,0,0,0,0,0,0,0,0,0,0,1,544,544,544,1,1,1,1,0,1887485951,0,0,0,0,1,0.0,0,0,0.0,34,544.0,0,0,0,1.0,0.6352407932281494
2,16,8,2000,0,0,0,0,0,0,0,0,0,0,0,0,0,0,0,0,0,0,0,0,0,0,0,0,1,500,500,500,1,1,1,1,0,1887485951,0,0,0,0,1,0.0,0,0,0.0,62,500.0,0,0,0,1.0,0.603010892868042
3,1024,16,2000,0,0,0,0,0,0,0,0,0,0,0,0,0,0,0,0,0,0,0,0,0,0,0,0,0,0,0,0,0,0,0,0,0,1887485951,0,0,0,0,1,0.0,0,0,0.0,0,0,0,0,0,0,0.6015994548797607
4,1,4,2000,0,0,0,0,289,1048576,1048576,303038464,0,0,0,0,0,0,0,0,6186,4096,4096,25337856,6186,241,2126,2221700,6186,241,2126,2221846,6189,1,9,33801,269639680,8191,0,0,6,4,1,1.0,11404715,45618860,12.857421875,89,359.1732945360491,42332056,65.76070083957767,359.1496928548335,5.461463887542414,0.5991306304931641
5,2,2,2000,0,0,0,0,71,1048576,1048576,74448896,0,0,0,0,0,0,0,0,6211,4096,8192,45436928,6211,255,2071,2284180,6211,255,2071,2284180,6207,2,8,25074,299757568,20479,0,0,4,5,0,1.7860247947190468,19892008,39784016,14.293554687500002,183,367.76364514570923,70953346,50.97291089860536,367.76364514570923,4.039632672788787,0.6404435634613037
6,128,1,2000,0,0,0,0,672,1048576,1048576,704643072,0,0,0,0,0,0,0,0,1142,8192,524288,162119680,1143,280,21981,1452619,1143,280,21981,1452619,1141,2,6,3687,761733120,454336511,0,0,2,0,0,34.6584938704028,111605093,111605093,36.322265625,1270,1270.8827646544182,254810321,11.347712150385732,1270.8827646544182,3.231375985977213,0.6372361183166504
7,1024,32,2000,0,0,0,0,320,1048576,1048576,335544320,0,0,0,0,0,0,0,0,120,524288,4194304,162095104,120,2431,429478,11921065,120,2431,429478,11921065,151,2,35,2980,985792512,843128831,0,0,3,6,0,329.78333333333336,13597367,435115744,47.00625,3104,99342.20833333333,268383170,15.263909758050755,99342.20833333333,19.735099337748345,0.6180102825164795
8,8,128,2000,0,0,0,0,222,1048576,1048576,232783872,0,0,0,0,0,0,0,0,192,524288,4194304,211812352,192,136552,1075787,63749031,192,136552,1075787,63749031,288,33,131,32565,956432384,759369727,0,0,9,8,1,269.3333333333333,3322597,425292416,45.606249999999996,2593,332026.203125,347549363,10.902438819998997,332026.203125,113.07291666666667,0.6263532638549805
9,1024,4,2000,0,0,0,0,484,1048576,1048576,507510784,0,0,0,0,0,0,0,0,197,524288,4194304,195035136,197,21311,1242140,48444202,197,21311,1242140,48444202,72,4,130,6326,1229979648,429244415,0,0,4,8,0,241.7055837563452,4025974,16103896,58.650000000000006,61477,245909.65482233503,303094740,11.579563953933075,245909.65482233503,87.86111111111111,0.6237869262695312
10,512,128,2000,0,0,0,0,126,1048576,1048576,132120576,0,0,0,0,0,0,0,0,57,2097152,4194304,140509184,57,70442,532696,14775183,57,70442,532696,14775183,181,5,130,14802,1292894208,369254399,0,0,0,0,1,601.8245614035088,9509810,1217255680,61.650000000000006,2025,259213.73684210525,218186301,5.2667933667035465,259213.73684210525,81.77900552486187,0.6258370876312256
11,1,16,2000,0,0,0,0,70,1048576,1048576,73400320,0,0,0,0,0,0,0,0,91,2097152,2097152,190840832,91,557383,1224957,79137044,91,557383,1224957,79137044,10,129,129,1290,1147240448,247300095,0,0,8,2,1,512.0,2411523,38584368,54.704687500000006,54352,869637.8461538461,328038713,13.166755180381633,869637.8461538461,129.0,0.6329071521759033
12,512,1,2000,0,0,0,0,421,1048576,1048576,441450496,0,0,0,0,0,0,0,0,109,1048576,4194304,218103808,109,5504,1348521,37018896,109,5504,1348521,37018896,74,2,3,183,1284505600,53862399,0,0,2,8,0,488.51376146788994,5891688,5891688,61.25000000000001,339622,339622.8990825688,324069612,281.12585710907945,339622.8990825688,2.472972972972973,0.6335937976837158
13,4,16,2000,0,0,0,0,420,1048576,1048576,440401920,0,0,0,0,0,0,0,0,6292,16384,2097152,204828672,6291,475,142647,9600868,6291,475,142647,9600868,6306,2,22,107514,1498746880,2396159,0,0,5,3,1,7.9477113795295615,21334391,341350256,71.4658203125,95,1526.127483706883,319491494,11.262574395324792,1526.127483706883,17.049476688867745,0.6290919780731201
14,256,32,2000,0,0,0,0,516,1048576,1048576,541065216,0,0,0,0,0,0,0,0,2038,16384,1048576,214024192,2039,343,144120,18793875,2039,343,144120,18793875,2054,3,34,37783,1680572416,90865663,0,0,2,2,0,25.638861629048087,11387975,364415200,80.1359375,288,9217.202059833251,344914113,19.54359124117027,9217.202059833251,18.39483933787731,0.6206514835357666
15,1,4,2000,0,0,0,0,73,1048576,1048576,76546048,0,0,0,0,0,0,0,0,168,835584,4194304,190627840,168,16174,137300,9239929,168,16174,137300,9239929,141,5,34,1589,1646096384,4095,0,0,6,1,1,277.0238095238095,20630877,82523508,78.4919921875,13749,54999.57738095238,315550555,17.61722376631564,54999.57738095238,11.26950354609929,0.6250216960906982
16,256,256,2000,0,0,0,0,36,1048576,1048576,37748736,0,0,0,0,0,0,0,0,163,1048576,4194304,187695104,163,17239,545138,38000573,163,17239,545138,38000573,370,5,257,55307,1478410240,139476991,0,0,3,1,1,281.12883435582825,4939270,1264453120,70.49609375,910,233132.34969325154,287867398,5.547774132267344,233132.34969325154,149.47837837837838,0.6403694152832031
17,512,1,2000,0,0,0,0,52,1048576,1048576,54525952,0,0,0,0,0,0,0,0,154,1048576,4194304,179306496,154,562803,1216352,135348103,154,562803,1216352,135348103,0,0,0,0,1333706752,400277503,0,0,0,3,1,284.2597402597403,1324780,1324780,63.59609375,878883,878883.7857142857,283337776,0,878883.7857142857,0,0.6206443309783936
18,1024,128,2000,0,0,0,0,782,1048576,1048576,819986432,0,0,0,0,0,0,0,0,53,1048576,4194304,106983424,53,21730,1384623,45851243,53,21730,1384623,45851243,16,1,10,59,1794002944,58879999,0,0,2,9,0,492.811320754717,2333272,298658816,85.54472656249999,6758,865117.7924528302,180541698,476.0609284364068,865117.7924528302,3.6875,0.6149301528930664
19,32,1,2000,0,0,0,0,227,1048576,1048576,238026752,0,0,0,0,0,0,0,0,623,131072,4194304,162791424,623,881,219071,3488445,623,881,219071,3488445,623,2,18,1594,1842528256,671743,0,0,2,8,1,63.79454253611557,46665899,46665899,87.85859375,5599,5599.430176565008,251020273,34.30520631603113,5599.430176565008,2.5585874799357944,0.6345181465148926
20,64,64,2000,0,0,0,0,242,1048576,1048576,253755392,0,0,0,0,0,0,0,0,807,131072,262144,188481536,807,878,66954,36531653,807,878,66954,36531653,870,2,67,43257,1847721984,49151,0,0,6,6,0,57.021065675340765,5159403,330201792,88.10625,707,45268.467162329616,295711470,15.966999640141212,45268.467162329616,49.720689655172414,0.6403548717498779
21,4,8,2000,0,0,0,0,168,1048576,1048576,176160768,0,0,0,0,0,0,0,0,5834,16384,262144,178159616,5834,330,64238,15431972,5832,330,64238,15430806,5775,6,67,61092,1814401024,20479,0,0,8,4,1,7.455605073705862,11544837,92358696,86.5173828125,330,2645.885802469136,277331098,33.53820014543475,2645.1786081590676,10.578701298701299,0.6382355690002441
22,2,16,2000,0,0,0,0,181,1048576,1048576,189792256,0,0,0,0,0,0,0,0,16003,8192,16384,157147136,16004,314,3037,9955746,16002,314,3037,9954551,16011,6,22,260885,1804533760,655359,0,0,8,1,1,2.3974254827219896,15784566,252553056,86.046875,38,622.0816772903387,243816407,15.924635341216709,622.0786053486628,16.294110299169322,0.6438508033752441
23,128,64,2000,0,0,0,0,291,1048576,1048576,305135616,0,0,0,0,0,0,0,0,3041,8192,3317760,179953664,3040,329,185943,34464047,3040,329,185943,34464047,3091,2,66,67069,1849548800,647167,0,0,6,1,0,14.447221308780007,5221489,334175296,88.193359375,177,11336.857565789474,288325690,36.16475595311584,11336.857565789474,21.6981559365901,0.6250922679901123
24,16,2,2000,0,0,0,0,191,1048576,1048576,200278016,0,0,0,0,0,0,0,0,1350,65536,524288,169213952,1350,646,131060,16728644,1350,646,131060,16728644,1287,3,66,7788,1834549248,303103,0,0,4,4,1,30.601481481481482,10115222,20230444,87.47812499999999,6195,12391.588148148148,266986366,66.91710169163308,12391.588148148148,6.051282051282051,0.6343405246734619
25,4,256,2000,0,0,0,0,140,1048576,1048576,146800640,0,0,0,0,0,0,0,0,5465,16384,65536,145178624,5467,471,186053,146092111,5465,471,186053,146061195,5717,3,265,1299889,1812533248,131071,0,0,8,6,1,6.485635864592863,993747,254399232,86.42832031249999,104,26726.65965233303,226850377,18.121204132626723,26722.53722334004,227.3725730278118,0.6387019157409668
26,128,128,2000,0,0,0,0,307,1048576,1048576,321912832,0,0,0,0,0,0,0,0,2305,16384,4194304,191184896,2303,13515,347840,70551643,2303,13515,347840,70551643,2181,30,261,504166,1840594944,8896511,0,0,0,6,0,20.24989154013015,2709857,346861696,87.76640624999999,239,30634.66912722536,300579582,6.544441709522389,30634.66912722536,231.1627693718478,0.6353471279144287
27,1,16,2000,0,0,0,0,66,1048576,1048576,69206016,0,0,0,0,0,0,0,0,9183,4096,524288,144773120,9183,288,464516,53143275,9182,288,464516,53142880,9068,10,130,164464,1759375360,20479,0,0,0,7,1,3.848960034847,2724203,43587248,83.8935546875,361,5787.723807449357,229280548,82.90123328618047,5787.136556680824,18.136744596382886,0.6314234733581543
28,128,256,2000,0,0,0,0,288,1048576,1048576,301989888,0,0,0,0,0,0,0,0,3638,4096,524288,173015040,3638,286,260677,41078608,3638,286,260677,41078608,3717,6,130,87583,1792266240,59486207,0,0,4,9,0,11.610775151181969,4211803,1078221568,85.4619140625,44,11291.536008796042,270014674,41.272858927064505,11291.536008796042,23.562819478073717,0.6414661407470703
29,128,8,2000,0,0,0,0,264,1048576,1048576,276824064,0,0,0,0,0,0,0,0,351,524288,524288,184025088,351,14993,324000,41438021,351,14993,324000,41438021,287,9,154,14122,1849044992,577535,0,0,0,7,1,128.0,4440971,35527768,88.16933593750001,14757,118057.03988603989,297991389,18.744230216646372,118057.03988603989,49.20557491289198,0.6169133186340332
30,4,128,2000,0,0,0,0,148,1048576,1048576,155189248,0,0,0,0,0,0,0,0,3782,16384,524288,192495616,3783,3466,354804,75982410,3782,3466,354804,75976128,3896,9,134,483539,1787740160,180223,0,0,9,6,1,12.426229508196721,2533423,324278144,85.24609375,156,20088.875727128503,299880412,13.023412383804432,20085.2260111023,124.11165297741273,0.6434354782104492
31,1024,1,2000,0,0,0,0,135,1048576,1048576,141557760,0,0,0,0,0,0,0,0,1815,16384,4194304,87195648,1815,5954,113705,15746217,1815,5954,113705,15746217,1682,2,135,214492,1815298048,34349055,0,0,0,8,0,11.72892561983471,5537561,5537561,86.56015624999999,8675,8675.601652892561,135461471,5.800377555254911,8675.601652892561,127.52199762187871,0.6403117179870605
32,8,8,2000,0,0,0,0,3,1048576,1048576,3145728,0,0,0,0,0,0,0,0,0,0,0,0,9,1299,4304,16401,9,1299,4304,16401,9,1,9,47,1816346624,32514047,0,0,9,2,1,0.0,0,0,86.61015625,227,1822.3333333333333,0,0,1822.3333333333333,5.222222222222222,0.6124529838562012
33,32,16,2000,0,0,0,0,264,1048576,1048576,276824064,0,0,0,0,0,0,0,0,1563,32768,131072,170459136,1554,714,15071,10417013,1554,714,15071,10417013,1571,2,19,24351,1846616064,28671,0,0,7,9,0,26.625719769673704,16363533,261816528,88.053515625,418,6703.354568854569,270074803,16.242400657683454,6703.354568854569,15.500318268618715,0.6339819431304932
34,32,8,2000,0,0,0,0,218,1048576,1048576,228589568,0,0,0,0,0,0,0,0,1380,131072,131072,180879360,1380,3027,10098,7342482,1380,3027,10098,7342482,1373,9,19,14849,1846734848,184319,0,0,8,2,1,32.0,24634634,197077072,88.0591796875,665,5320.639130434783,282110325,15.374009878794356,5320.639130434783,10.815003641660597,0.6421761512756348
35,1024,16,2000,0,0,0,0,208,1048576,1048576,218103808,0,0,0,0,0,0,0,0,223,131072,4194304,147193856,223,3782,339848,5224024,223,3782,339848,5224024,230,1,20,2254,1852047360,122879,0,0,6,2,0,161.14798206278027,28176336,450821376,88.3125,1464,23426.11659192825,236341424,14.833695276864082,23426.11659192825,9.8,0.6351220607757568
36,32,2,2000,0,0,0,0,193,1048576,1048576,202375168,0,0,0,0,0,0,0,0,575,131072,4194304,161574912,575,921,491001,7646951,575,921,491001,7646951,562,3,17,2015,1843040256,282623,0,0,3,5,1,68.60347826086957,21129324,42258648,87.8830078125,6649,13299.045217391304,248714210,54.067413278903416,13299.045217391304,3.5854092526690393,0.6371068954467773
37,1024,2,2000,0,0,0,0,238,1048576,1048576,249561088,0,0,0,0,0,0,0,0,223,131072,4194304,156930048,222,957,81712,1887646,222,957,81712,1887646,223,2,4,743,1853321216,28671,0,0,3,9,0,171.8071748878924,83135316,166270632,88.3732421875,4251,8502.90990990991,246479303,14.853962746600663,8502.90990990991,3.3318385650224216,0.641831636428833
38,4,256,2000,0,0,0,0,127,1048576,1048576,133169152,0,0,0,0,0,0,0,0,3770,16384,4194304,160956416,3769,9831,311930,145433493,3769,9831,311930,145433493,4024,3,262,988441,1809723392,28671,0,0,7,9,1,10.423342175066313,1106735,283324160,86.2943359375,150,38586.758556646324,249497086,15.070876928994311,38586.758556646324,245.63643141153082,0.637859582901001
39,512,64,2000,0,0,0,0,237,1048576,1048576,248512512,0,0,0,0,0,0,0,0,1931,16384,4194304,176930816,1931,8489,382042,41190568,1931,8489,382042,41190568,1716,13,261,421589,1824260096,29532159,0,0,0,1,0,22.36975660279648,4295420,274906880,86.9875,333,21331.21077162092,275536263,3.8813451200471043,21331.21077162092,245.68123543123542,0.6410479545593262
40,16,32,2000,0,0,0,0,245,1048576,1048576,256901120,0,0,0,0,0,0,0,0,823,65536,4194304,182874112,823,1315,900464,34374800,823,1315,900464,34374800,814,4,35,26160,1816444928,8191,0,0,3,4,1,54.24908869987849,5320005,170240160,86.61484375,1305,41767.67922235723,292867812,23.957117501208426,41767.67922235723,32.13759213759214,0.6267015933990479
41,1024,32,2000,0,0,0,0,91,1048576,1048576,95420416,0,0,0,0,0,0,0,0,520,65536,4194304,186224640,520,6769,539814,15663692,520,6769,539814,15663692,488,15,36,16102,1719599104,136355839,0,0,2,0,0,87.4326923076923,11888936,380445952,81.996875,941,30122.484615384616,294689766,10.441356860298235,30122.484615384616,32.99590163934426,0.6321029663085938
42,32,64,2000,0,0,0,0,339,1048576,1048576,355467264,0,0,0,0,0,0,0,0,1186,131072,4194304,179830784,1187,2891,41996,37305252,1186,2891,41996,37274402,1250,1,67,78735,1845952512,679935,0,0,6,5,1,37.0185497470489,4820521,308513344,88.02187500000001,491,31428.6694772344,286462676,13.478514792227017,31428.18197135636,62.988,0.6284389495849609
43,4,16,2000,0,0,0,0,210,1048576,1048576,220200960,0,0,0,0,0,0,0,0,7647,16384,131072,191807488,7648,486,32679,18773545,7647,486,32679,18772796,7599,12,67,144016,1822572544,344063,0,0,7,1,1,6.123708643912646,10216902,163470432,86.90703125,153,2454.922976330587,300262715,21.150935915279724,2454.6999215481173,18.95196736412686,0.6363537311553955
44,256,128,2000,0,0,0,0,249,1048576,1048576,261095424,0,0,0,0,0,0,0,0,1872,16384,4194304,192724992,1872,404,401029,19588109,1872,404,401029,19588109,1920,2,95,38059,1819164672,35192831,0,0,4,2,0,25.134615384615383,9838876,1259376128,86.74453125,81,10463.73344017094,304232329,21.001885158789047,10463.73344017094,19.822395833333335,0.63425612449646
45,64,32,2000,0,0,0,0,8,1048576,1048576,8388608,0,0,0,0,0,0,0,0,85,1048576,4194304,186646528,85,176864,650511,29866201,85,176864,650511,29866201,90,64,134,8938,1639858176,217497599,0,0,8,6,1,536.0941176470589,6249423,199981536,78.19453125,10980,351367.0705882353,321154336,6.59966931310985,351367.0705882353,99.31111111111112,0.6345903873443604
46,1,64,2000,0,0,0,0,0,0,0,0,0,0,0,0,0,0,0,0,45,2097152,4194304,170917888,45,702346,1310087,45011686,45,702346,1310087,45011686,45,59,65,2901,1456357376,404242431,0,0,5,8,1,927.2888888888889,3797189,243020096,69.44453125,15629,1000259.6888888889,269607988,16.732564040086665,1000259.6888888889,64.46666666666667,0.6392319202423096
47,128,8,2000,0,0,0,0,35,1048576,1048576,36700160,0,0,0,0,0,0,0,0,54,2097152,4194304,207618048,54,410874,1737438,59874144,54,410874,1737438,59874144,7,65,66,460,1311653888,237346815,0,0,8,8,1,938.6666666666666,3467574,27740592,62.54453125,138597,1108780.4444444445,348881779,17.975226449275368,1108780.4444444445,65.71428571428571,0.6288244724273682
48,4,256,2000,0,0,0,0,28,1048576,1048576,29360128,0,0,0,0,0,0,0,0,48,2097152,4194304,186777600,47,124672,1311299,27826063,47,124672,1311299,27826063,289,10,258,42019,1135362048,388792319,0,0,7,0,1,950.0,6712325,1718355200,54.13828125,2312,592043.8936170213,293372804,4.2862986858155425,592043.8936170213,145.39446366782008,0.6246583461761475
49,64,2,2000,0,0,0,0,1,1048576,1048576,1048576,0,0,0,0,0,0,0,0,46,2097152,4194304,176160768,47,577911,1218459,42767361,47,577911,1218459,42767361,6,257,257,1542,945569792,581828607,0,0,7,4,1,934.9565217391304,4119046,8238092,45.08828125,454971,909943.8510638297,280404440,3.7869542277661643,909943.8510638297,257.0,0.6266999244689941
50,32,1,2000,0,0,0,0,0,0,0,0,0,0,0,0,0,0,0,0,24,2293760,4194304,94568448,24,1272637,1638304,34403383,24,1272637,1638304,34403383,0,0,0,0,842612736,686751743,0,0,0,4,1,962.0,2748812,2748812,40.178906250000004,1433474,1433474.2916666667,109334982,0,1433474.2916666667,0,0.6197593212127686
51,8,128,2000,0,0,0,0,0,0,0,0,0,0,0,0,0,0,0,0,40,2097152,4194304,156303360,40,1960608,2563416,90783255,40,1960608,2563416,90783255,4,129,129,516,587743232,946413567,0,0,9,2,1,954.0,1721720,220380160,28.025781249999998,17731,2269581.375,311915530,18.44198539807908,2269581.375,129.0,0.6138572692871094
52,512,256,2000,0,0,0,0,0,0,0,0,0,0,0,0,0,0,0,0,47,32768,4194304,160464896,48,401499,3309789,115174067,48,401499,3309789,115174067,69,129,190,10890,415744000,1140531199,0,0,0,0,0,833.531914893617,1393238,356668928,19.82421875,9372,2399459.7291666665,199750051,18.239479610761062,2399459.7291666665,157.82608695652175,0.6272671222686768
53,4,128,2000,0,0,0,0,0,0,0,0,0,0,0,0,0,0,0,0,64,1048576,4194304,152035328,63,983632,3773134,124742449,63,983632,3773134,124742449,0,0,0,0,258465792,1497440255,0,0,2,0,1,579.96875,1218793,156005504,12.324609375,15469,1980038.873015873,254768590,0,1980038.873015873,0,0.6154072284698486
54,128,64,2000,0,0,0,0,68,1048576,1048576,71303168,0,0,0,0,0,0,0,0,90,524288,4194304,169590784,90,39025,4751278,172869891,90,39025,4751278,172869891,73,62,66,4730,160178176,1683562495,0,0,5,4,1,460.0444444444444,981031,62785984,7.637890625000001,30012,1920776.5666666667,289470863,64.43751409562414,1920776.5666666667,64.79452054794521,0.6019997596740723
55,64,2,2000,0,0,0,0,493,1048576,1048576,516947968,0,0,0,0,0,0,0,0,293,262144,4194304,192946176,293,1816,5181850,146557507,293,1816,5181850,146557507,230,3,65,1401,428867584,1418412031,0,0,3,0,1,160.77133105802048,1316521,2633042,20.45,250098,500196.26962457335,297834729,510.7654846983065,500196.26962457335,6.091304347826087,0.6228287220001221
56,256,2,2000,0,0,0,0,1110,1048576,1048576,1163919360,0,0,0,0,0,0,0,0,258,262144,1048576,185597952,257,1837,31008,2166780,257,1837,31008,2166780,258,3,4,885,1365245952,458539007,0,0,4,6,0,175.62790697674419,85656112,171312224,65.10000000000001,4215,8431.050583657587,294717305,13.99473259227133,8431.050583657587,3.4302325581395348,0.6328094005584717
57,128,128,2000,0,0,0,0,388,1048576,1048576,406847488,0,0,0,0,0,0,0,0,336,524288,1048576,192937984,336,7908,508045,57026352,336,7908,508045,57026352,460,3,131,47095,1610612736,215883775,0,0,9,4,1,140.1904761904762,3383312,433063936,76.8,1325,169721.2857142857,309746689,11.824991373818875,169721.2857142857,102.3804347826087,0.630284309387207
58,1024,1,2000,0,0,0,0,571,1048576,1048576,598736896,0,0,0,0,0,0,0,0,202,524288,4194304,182976512,202,22283,673885,47443904,202,22283,673885,47443904,76,2,129,6893,1809993728,25534463,0,0,4,4,0,221.14851485148515,3856691,3856691,86.30722656249999,234870,234870.81188118813,292080998,11.709823137712485,234870.81188118813,90.69736842105263,0.6211695671081543
59,128,2,2000,0,0,0,0,263,1048576,1048576,275775488,0,0,0,0,0,0,0,0,109,524288,4194304,196083712,109,3479,54799,2043094,109,3479,54799,2043094,110,2,5,384,1829240832,4079615,0,0,3,6,1,439.1926605504587,95973906,191947812,87.225,9371,18743.981651376147,311072733,12.225545247395834,18743.981651376147,3.4909090909090907,0.6360480785369873
60,64,4,2000,0,0,0,0,280,1048576,1048576,293601280,0,0,0,0,0,0,0,0,154,262144,4194304,217055232,154,3471,64414,3250191,154,3471,64414,3250191,157,3,8,839,1819385856,1753087,0,0,5,8,1,344.1038961038961,66782300,267129200,86.755078125,5276,21105.136363636364,344396934,11.477208312280837,21105.136363636364,5.343949044585988,0.6350395679473877
61,512,32,2000,0,0,0,0,176,1048576,1048576,184549376,0,0,0,0,0,0,0,0,81,262144,4194304,212860928,81,4272,404108,13422136,81,4272,404108,13422136,108,5,36,2541,1757413376,67633151,0,0,3,2,0,641.5802469135803,15858945,507486240,83.8,5178,165705.38271604938,333057221,10.97753226397427,165705.38271604938,23.52777777777778,0.6416237354278564
62,1,8,2000,0,0,0,0,49,1048576,1048576,51380224,0,0,0,0,0,0,0,0,93,524288,4194304,214433792,93,5774,391038,16932240,93,5774,391038,16932240,69,3,33,989,1591537664,28671,0,0,9,3,1,562.9247311827957,12664230,101313840,75.8904296875,22758,182067.09677419355,360285953,22.564927218968556,182067.09677419355,14.333333333333334,0.6308925151824951
63,128,8,2000,0,0,0,0,257,1048576,1048576,269484032,0,0,0,0,0,0,0,0,130,524288,4194304,210763776,131,18997,100608,6471503,131,18997,100608,6471503,130,9,11,1247,1550422016,1101823,0,0,9,0,1,395.81538461538463,32567979,260543832,73.9298828125,6175,49400.78625954199,324112095,13.01122207892006,49400.78625954199,9.592307692307692,0.6312737464904785
64,1,16,2000,0,0,0,0,35,1048576,1048576,36700160,0,0,0,0,0,0,0,0,155,262144,4194304,210239488,155,29388,120155,10752095,155,29388,120155,10752095,163,9,19,2707,1389715456,8191,0,0,8,2,1,331.1483870967742,19553351,312853616,66.266796875,4335,69368.35483870968,326371522,12.61357225385235,69368.35483870968,16.607361963190183,0.6327121257781982
65,16,64,2000,0,0,0,0,126,1048576,1048576,132120576,0,0,0,0,0,0,0,0,129,262144,4194304,193462272,129,39507,401998,26887244,129,39507,401998,26887244,177,17,67,9054,1286602752,40501247,0,0,5,0,1,366.13953488372096,7195318,460500352,61.35,3256,208428.2480620155,297980649,11.128656274862118,208428.2480620155,51.152542372881356,0.637993574142456
66,1,16,2000,0,0,0,0,60,1048576,1048576,62914560,0,0,0,0,0,0,0,0,126,262144,4194304,187170816,126,66624,439707,36401005,126,66624,439707,36401005,79,16,66,2309,1140563968,8191,0,0,7,8,1,362.6666666666667,5141913,82270608,54.386328125000006,18056,288896.8650793651,301426425,27.254508024788517,288896.8650793651,29.227848101265824,0.630570650100708
67,512,128,2000,0,0,0,0,46,1048576,1048576,48234496,0,0,0,0,0,0,0,0,99,65536,4194304,191889408,99,84001,545586,24688885,99,84001,545586,24688885,211,16,130,18660,980942848,229621759,0,0,9,4,0,473.2121212121212,7772299,994854272,46.775,1948,249382.67676767678,310103824,5.959107741521783,249382.67676767678,88.43601895734596,0.6415126323699951
68,1,256,2000,0,0,0,0,67,1048576,1048576,70254592,0,0,0,0,0,0,0,0,78,1048576,4194304,163315712,78,596384,999369,64299424,78,596384,999369,64299424,206,129,258,43105,873201664,52183039,0,0,7,7,1,511.1794871794872,2539924,650220544,41.6375,3220,824351.5897435897,255930307,7.706880637690302,824351.5897435897,209.24757281553397,0.6272323131561279
69,256,4,2000,0,0,0,0,428,1048576,1048576,448790528,0,0,0,0,0,0,0,0,295,4096,4194304,218365952,295,14373,1589530,234127881,295,14373,1589530,234127881,43,5,6,235,1022578688,28671,0,0,5,5,0,180.71864406779662,932678,3730712,48.7603515625,198413,793653.8338983051,344178363,803.5793213295956,793653.8338983051,5.465116279069767,0.6026251316070557
70,512,256,2000,0,0,0,0,29,1048576,1048576,30408704,0,0,0,0,0,0,0,0,91,1048576,4194304,187764736,92,16088,532778,18510534,92,16088,532778,18510534,343,5,257,49395,900132864,199225343,0,0,6,4,0,503.74725274725273,10143669,2596779264,42.921679687499996,785,201201.45652173914,312514680,2.773508874900329,201201.45652173914,144.00874635568513,0.6285903453826904
71,8,256,2000,0,0,0,0,0,0,0,0,0,0,0,0,0,0,0,0,75,1048576,4194304,169328640,75,578994,1182861,65803906,75,578994,1182861,65803906,75,257,257,19275,720318464,481595391,0,0,7,6,1,551.2,2573230,658746880,34.3474609375,3427,877385.4133333333,273939462,6.193670218873947,877385.4133333333,257.0,0.6306231021881104
72,8,128,2000,0,0,0,0,0,0,0,0,0,0,0,0,0,0,0,0,118,1048576,4194304,195022848,118,924089,1983396,170228217,118,924089,1983396,170228217,29,253,261,7466,533684224,1039347711,0,0,8,0,1,403.5,1145655,146643840,25.448046875000003,11270,1442612.0084745763,305197272,13.887242403733842,1442612.0084745763,257.44827586206895,0.6305453777313232
73,4,64,2000,0,0,0,0,10,1048576,1048576,10485760,0,0,0,0,0,0,0,0,161,1048576,3391488,204189696,161,167072,2586235,253496832,161,167072,2586235,253496832,61,63,65,3959,325042176,1530175487,0,0,4,5,1,309.6335403726708,805492,51551488,15.499218749999999,24601,1574514.4844720496,314102935,78.35072057038639,1574514.4844720496,64.90163934426229,0.6241292953491211
74,128,64,2000,0,0,0,0,0,0,0,0,0,0,0,0,0,0,0,0,158,61440,2097152,197115904,158,194503,3422125,67883483,158,194503,3422125,67883483,158,64,65,10269,117440512,1753456639,0,0,5,4,0,304.5822784810127,2903738,185839232,5.6000000000000005,6713,429642.2974683544,313533182,21.703577784688544,429642.2974683544,64.99367088607595,0.6324074268341064
75,4,64,2000,0,0,0,0,435,1048576,1048576,456130560,0,0,0,0,0,0,0,0,5268,16384,2097152,188071936,5268,2726,3446886,58049895,5268,2726,3446886,58049895,5269,54,71,344234,353419264,1004101631,0,0,7,8,1,8.716021260440394,3239832,207349248,16.852343750000003,172,11019.342255125284,294579961,19.351374889732398,11019.342255125284,65.33194154488518,0.6181139945983887
76,8,4,2000,0,0,0,0,639,1048576,1048576,670040064,0,0,0,0,0,0,0,0,5594,16384,32768,154058752,5594,521,8483,10417444,5594,521,8483,10417444,5533,4,72,139301,919044096,49151,0,0,6,0,0,6.723632463353593,14788536,59154144,43.823437500000004,465,1862.2531283518056,241067979,11.001228448534661,1862.2531283518056,25.176396168443883,0.638716459274292
77,16,256,2000,0,0,0,0,353,1048576,1048576,370147328,0,0,0,0,0,0,0,0,3165,32768,65536,185303040,3165,536,72387,144647173,3165,536,72387,144647173,3415,4,261,662376,1066090496,483327,0,0,8,6,0,14.293838862559241,1281069,327953664,50.835156250000004,178,45702.1083728278,288134194,16.48441250497619,45702.1083728278,193.96076134699854,0.6441657543182373
78,128,128,2000,0,0,0,0,276,1048576,1048576,289406976,0,0,0,0,0,0,0,0,947,65536,524288,171245568,947,56994,503426,93995056,947,56994,503426,93995056,819,118,260,166592,1153105920,144678911,0,0,0,4,0,44.14783526927138,1821857,233197696,54.984375,775,99255.60295670539,265865623,11.05287804757427,99255.60295670539,203.4090354090354,0.6423439979553223
79,2,16,2000,0,0,0,0,118,1048576,1048576,123731968,0,0,0,0,0,0,0,0,1875,8192,524288,171114496,1875,373,685103,58014940,1875,373,685103,58014940,1761,13,129,37719,1117138944,12287,0,0,6,5,1,22.280533333333334,2949490,47191840,53.269335937499996,1933,30941.301333333333,271568230,64.83539762410274,30941.301333333333,21.4190800681431,0.6321139335632324
80,512,8,2000,0,0,0,0,221,1048576,1048576,231735296,0,0,0,0,0,0,0,0,424,32768,2097152,133005312,424,1573,95826,5964781,424,1573,95826,5964781,415,2,20,6799,1160773632,3203071,0,0,0,2,0,76.58490566037736,22298440,178387520,55.35,1758,14067.879716981131,219273518,11.212140213183677,14067.879716981131,16.38313253012048,0.6040754318237305
81,16,4,2000,0,0,0,0,202,1048576,1048576,211812352,0,0,0,0,0,0,0,0,1551,65536,2097152,161742848,1551,701,86704,4376406,1551,701,86704,4376406,1547,4,10,8466,1196208128,28671,0,0,5,0,1,25.459703417150227,36957916,147831664,57.0396484375,705,2821.667311411992,255736877,20.251841340239398,2821.667311411992,5.472527472527473,0.6344969272613525
82,64,16,2000,0,0,0,0,242,1048576,1048576,253755392,0,0,0,0,0,0,0,0,782,65536,524288,165085184,782,729,30258,10557287,781,729,30258,10538092,794,5,18,9917,1257820160,1257471,0,0,7,0,0,51.53964194373402,15637084,250193344,59.97753906249999,843,13493.075544174135,259860636,20.972218175245164,13500.367007672634,12.48992443324937,0.6389636993408203
83,32,32,2000,0,0,0,0,259,1048576,1048576,271581184,0,0,0,0,0,0,0,0,1002,131072,524288,165019648,1002,15334,33096,21310327,1002,15334,33096,21310327,1020,17,35,32449,1328033792,577535,0,0,4,7,1,40.20758483033932,7743646,247796672,63.325585937499994,664,21267.79141716567,258104031,16.626975611952535,21267.79141716567,31.812745098039215,0.6361801624298096
84,8,1,2000,0,0,0,0,99,1048576,1048576,103809024,0,0,0,0,0,0,0,0,1661,32768,524288,105414656,1661,512,29217,5543545,1661,512,29217,5543545,1629,1,34,9176,1332871168,57343,0,0,3,5,1,15.494280553883202,19015748,19015748,63.556250000000006,3337,3337.4744130042145,163183469,38.23967643236983,3337.4744130042145,5.632903621853898,0.6431183815002441
85,4,1,2000,0,0,0,0,62,1048576,1048576,65011712,0,0,0,0,0,0,0,0,1824,16384,524288,85065728,1824,319,7403,1479362,1824,319,7403,1479362,1824,1,4,4682,1305673728,217087,0,0,2,4,1,11.385964912280702,57501631,57501631,62.25937499999999,811,811.0537280701755,133376112,27.750653092952124,811.0537280701755,2.566885964912281,0.6370601654052734
86,1024,16,2000,0,0,0,0,268,1048576,1048576,281018368,0,0,0,0,0,0,0,0,329,16384,4194304,150274048,329,331,284405,6542658,329,331,284405,6542658,344,1,18,1493,1376321536,1368063,0,0,7,6,0,111.51367781155015,22968348,367493568,65.628125,1242,19886.49848024316,239884596,41.089307011729986,19886.49848024316,4.340116279069767,0.6393828392028809
87,128,16,2000,0,0,0,0,286,1048576,1048576,299892736,0,0,0,0,0,0,0,0,119,524288,4194304,168902656,118,36704,843895,14848448,118,36704,843895,14848448,118,15,18,2054,1454305280,28671,0,0,7,3,1,346.52100840336135,11375105,182001680,69.3466796875,7864,125834.30508474576,274856647,20.861765222870368,125834.30508474576,17.406779661016948,0.6390268802642822
88,64,4,2000,0,0,0,0,259,1048576,1048576,271581184,0,0,0,0,0,0,0,0,411,262144,2097152,165937152,411,3382,69928,5452708,411,3382,69928,5452708,398,5,18,2563,1514098688,28671,0,0,5,0,1,98.56934306569343,30432062,121728248,72.1978515625,3316,13266.929440389295,247617767,20.900805468389322,13266.929440389295,6.439698492462312,0.6381626129150391
89,128,4,2000,0,0,0,0,273,1048576,1048576,286261248,0,0,0,0,0,0,0,0,265,262144,2097152,164102144,265,3280,30291,3502407,265,3280,30291,3502407,266,5,7,1436,1575514112,28671,0,0,4,0,0,151.18490566037735,46854104,187416416,75.1263671875,3304,13216.630188679244,259683760,16.19345436577242,13216.630188679244,5.398496240601504,0.6336956024169922
90,2,2,2000,0,0,0,0,67,1048576,1048576,70254592,0,0,0,0,0,0,0,0,1698,8192,2097152,125288448,1698,276,30296,2500244,1698,276,30296,2500244,1697,2,6,6222,1516171264,233471,0,0,2,2,1,18.014134275618375,50110488,100220976,72.2966796875,736,1472.4640753828032,192020193,22.293751082658602,1472.4640753828032,3.6664702416028283,0.6403441429138184
91,1,128,2000,0,0,0,0,36,1048576,1048576,37748736,0,0,0,0,0,0,0,0,2203,8192,2097152,158023680,2206,325,119238,74041319,2204,325,119238,73964012,2328,2,136,264895,1389064192,20479,0,0,9,3,1,17.512482977757603,2134263,273185664,66.23574218750001,262,33558.98911070781,248429178,16.84341416326253,33563.60788757933,113.78651202749141,0.6380960941314697
92,512,4,2000,0,0,0,0,233,1048576,1048576,244318208,0,0,0,0,0,0,0,0,370,8192,2097152,154124288,369,10831,116327,22580104,369,10831,116327,22580104,245,3,138,24291,1405030400,630783,0,0,5,5,0,101.6972972972973,6825667,27302668,66.9970703125,15298,61192.69376693767,244463677,6.068912147999459,61192.69376693767,99.14693877551021,0.6363377571105957
93,8,2,2000,0,0,0,0,126,1048576,1048576,132120576,0,0,0,0,0,0,0,0,874,32768,2097152,142082048,874,557,45634,2432042,874,557,45634,2432042,872,2,6,3089,1397583872,28671,0,0,3,9,1,39.68878718535469,58420885,116841770,66.6419921875,1391,2782.6567505720823,219814103,19.79203210654638,2782.6567505720823,3.5424311926605503,0.6391172409057617
94,32,4,2000,0,0,0,0,208,1048576,1048576,218103808,0,0,0,0,0,0,0,0,274,8192,4194304,159858688,274,613,56349,3424778,274,613,56349,3424778,275,3,7,1443,1408692224,28671,0,0,6,3,0,142.43795620437956,46677094,186708376,67.1716796875,3124,12499.189781021898,256643263,16.72331966864098,12499.189781021898,5.247272727272727,0.63462233543396
95,16,128,2000,0,0,0,0,155,1048576,1048576,162529280,0,0,0,0,0,0,0,0,294,16384,4194304,158859264,294,2012,407861,47833070,294,2012,407861,47833070,418,4,133,37745,1402454016,23101439,0,0,7,8,1,131.91836734693877,3321117,425102976,66.87421875,1271,162697.51700680272,249492700,13.658169855185944,162697.51700680272,90.29904306220095,0.6378586292266846
96,1,32,2000,0,0,0,0,48,1048576,1048576,50331648,0,0,0,0,0,0,0,0,733,4096,4194304,157863936,733,345,601361,75896841,733,345,601361,75896841,638,18,130,26267,1276338176,1089535,0,0,4,2,1,52.579809004092766,2079980,66559360,60.860546875,3235,103542.75716234652,246741439,47.831161347856764,103542.75716234652,41.17084639498432,0.6279571056365967
97,4,8,2000,0,0,0,0,95,1048576,1048576,99614720,0,0,0,0,0,0,0,0,786,4096,4194304,164200448,786,365,98602,9351078,786,365,98602,9351078,761,5,38,15441,1185595392,253951,0,0,0,5,0,51.00254452926209,17559520,140476160,56.53359375,1487,11897.045801526718,255143167,11.496258580840435,11897.045801526718,20.290407358738502,0.6401855945587158
98,64,128,2000,0,0,0,0,82,1048576,1048576,85983232,0,0,0,0,0,0,0,0,324,16384,4194304,182730752,324,341,403859,44477602,324,341,403859,44477602,444,3,131,31695,1088143360,128147455,0,0,9,2,0,137.69135802469137,4108376,525872128,51.88671875000001,1072,137276.54938271604,295718024,13.966316665301015,137276.54938271604,71.38513513513513,0.6350867748260498
99,1,16,2000,0,0,0,0,62,1048576,1048576,65011712,0,0,0,0,0,0,0,0,456,4096,4194304,196378624,455,357,1194775,79756390,455,357,1194775,79756390,344,4,129,10291,937058304,200703,0,0,8,9,1,105.14035087719299,2462230,39395680,44.682421875,10955,175288.76923076922,306692776,55.72954971414635,175288.76923076922,29.915697674418606,0.6349937915802002
100,1,32,2000,0,0,0,0,36,1048576,1048576,37748736,0,0,0,0,0,0,0,0,2687,4096,4194304,174243840,2688,373,183392,20742413,2687,373,183392,20732213,2701,6,40,89367,790888448,155647,0,0,5,4,1,15.831782657238556,8400364,268811648,37.7125,241,7715.747301823595,270916683,14.731521323143248,7716.671502976191,33.08663457978526,0.6316437721252441
101,2,1,2000,0,0,0,0,48,1048576,1048576,50331648,0,0,0,0,0,0,0,0,2839,4096,2097152,103743488,2839,284,27930,5366387,2839,284,27930,5366387,2811,1,37,33344,725725184,28671,0,0,2,5,0,8.921451215216626,19332092,19332092,34.6052734375,1890,1890.2384642479747,161550157,17.861759588716197,1890.2384642479747,11.861970828886518,0.6406204700469971
102,128,2,2000,0,0,0,0,349,1048576,1048576,365953024,0,0,0,0,0,0,0,0,531,8192,2097152,172564480,531,286,22918,1979569,531,286,22918,1979569,532,2,4,1602,859688960,28671,0,0,4,0,0,79.34086629001884,87172753,174345506,40.9931640625,1864,3728.0018832391715,276427747,15.603725642021764,3728.0018832391715,3.011278195488722,0.628704309463501
103,8,256,2000,0,0,0,0,220,1048576,1048576,230686720,0,0,0,0,0,0,0,0,2175,32768,2097152,190513152,2175,3602,112311,140644684,2175,3602,112311,140644684,2430,3,263,574448,902299648,933887,0,0,8,1,1,21.384827586206896,1354570,346769920,43.025000000000006,252,64664.222528735634,297635868,12.791275680650195,64664.222528735634,236.39835390946502,0.6380748748779297
104,256,2,2000,0,0,0,0,370,1048576,1048576,387973120,0,0,0,0,0,0,0,0,834,32768,2097152,188186624,833,7054,107790,48351708,833,7054,107790,48351708,590,2,263,121171,1061158912,524287,0,0,3,7,0,55.08872901678657,3892036,7784072,50.6,29022,58045.267707082836,297015608,5.130472752794415,58045.267707082836,205.37457627118644,0.6335115432739258
105,1024,64,2000,0,0,0,0,128,1048576,1048576,134217728,0,0,0,0,0,0,0,0,101,1048576,4194304,127983616,101,9099,504102,13310442,101,9099,504102,13310442,163,3,67,7205,1089413120,497958911,0,0,5,0,0,309.36633663366337,9615279,615377856,51.94726562500001,2059,131786.55445544556,210408426,9.637217668233498,131786.55445544556,44.20245398773006,0.635157585144043
106,256,16,2000,0,0,0,0,19,1048576,1048576,19922944,0,0,0,0,0,0,0,0,60,1048576,4194304,225124352,60,482283,1237646,49212155,60,482283,1237646,49212155,12,17,65,540,869531648,813531135,0,0,7,4,1,916.0333333333333,4574568,73193088,41.462500000000006,51262,820202.5833333334,389995364,19.8974463164449,820202.5833333334,45.0,0.6283485889434814
107,4,128,2000,0,0,0,0,514,1048576,1048576,538968064,0,0,0,0,0,0,0,0,1233,32768,4194304,208404480,1233,10537,1218722,76850459,1233,10537,1218722,76850459,1335,17,135,158253,1132695552,12287,0,0,9,5,1,41.26520681265207,2711818,347112704,54.011132812499994,486,62328.02838605028,291942803,12.741738187189274,62328.02838605028,118.54157303370786,0.6290998458862305
108,16,2,2000,0,0,0,0,164,1048576,1048576,171966464,0,0,0,0,0,0,0,0,790,32768,4194304,171900928,790,666,149031,22345494,790,666,149031,22345494,663,2,133,15359,1101910016,28671,0,0,5,3,0,53.12405063291139,7692867,15385734,52.543164062500004,14142,28285.435443037975,269518580,22.98382334441401,28285.435443037975,23.165912518853695,0.636199951171875
109,16,128,2000,0,0,0,0,165,1048576,1048576,173015040,0,0,0,0,0,0,0,0,682,65536,4194304,189071360,682,704,249185,67823747,682,704,249185,67823747,808,3,134,83741,1059520512,24084479,0,0,9,4,1,67.68328445747801,2787686,356823808,50.52187500000001,776,99448.30938416423,296966511,14.177158574913568,99448.30938416423,103.63985148514851,0.6414139270782471
110,32,1,2000,0,0,0,0,181,1048576,1048576,189792256,0,0,0,0,0,0,0,0,450,65536,4194304,174981120,450,997,217678,39053030,450,997,217678,39053030,324,2,133,13279,1075933184,28671,0,0,3,7,0,94.93333333333334,4480602,4480602,51.304492187499996,86784,86784.51111111112,271073098,22.305046364497123,86784.51111111112,40.98456790123457,0.6406116485595703
111,4,4,2000,0,0,0,0,106,1048576,1048576,111149056,0,0,0,0,0,0,0,0,1910,16384,4194304,173129728,1910,324,41134,3306247,1910,324,41134,3306247,1912,2,10,10663,1008226304,4095,0,0,4,5,1,22.129842931937173,52364426,209457704,48.0759765625,432,1731.0193717277486,269645393,14.025943182661006,1731.0193717277486,5.576882845188284,0.6390829086303711
112,32,1,2000,0,0,0,0,285,1048576,1048576,298844160,0,0,0,0,0,0,0,0,1994,16384,131072,137035776,1994,320,6220,1688919,1994,320,6220,1688919,1991,2,8,8339,1133490176,184319,0,0,1,0,0,16.778335005015045,81138157,81138157,54.0490234375,847,847.0005015045135,212924950,12.052914953986239,847.0005015045135,4.188347564038172,0.642207145690918
113,256,1,2000,0,0,0,0,318,1048576,1048576,333447168,0,0,0,0,0,0,0,0,304,131072,1048576,168296448,304,943,14342,1289885,304,943,14342,1289885,304,2,3,730,1244446720,671743,0,0,2,7,0,135.1578947368421,130473994,130473994,59.33984375,4243,4243.042763157895,265669612,13.073344748858448,4243.042763157895,2.401315789473684,0.6373891830444336
114,8,16,2000,0,0,0,0,224,1048576,1048576,234881024,0,0,0,0,0,0,0,0,2956,32768,1048576,197132288,2956,595,10598,10180666,2956,595,10598,10180666,2970,2,22,51406,1263988736,184319,0,0,7,6,1,16.281461434370772,19363398,309814368,60.271679687500004,215,3444.068335588633,307927975,12.221401518100894,3444.068335588633,17.30841750841751,0.6381099224090576
115,256,64,2000,0,0,0,0,318,1048576,1048576,333447168,0,0,0,0,0,0,0,0,640,32768,1048576,187957248,640,1362,264762,30778324,640,1362,264762,30778324,688,12,67,20368,1331085312,27672575,0,0,5,4,0,71.7,6106805,390835520,63.471093749999994,751,48091.13125,296270382,22.656138419880335,48091.13125,29.6046511627907,0.6377918720245361
116,32,256,2000,0,0,0,0,368,1048576,1048576,385875968,0,0,0,0,0,0,0,0,817,131072,1048576,192413696,817,118043,323439,151089104,817,118043,323439,151089104,1011,65,260,234221,1439453184,2387967,0,0,5,0,1,57.49816401468788,1273511,326018816,68.63847656249999,722,184931.58384332925,300989790,13.882971642260081,184931.58384332925,231.67260138476755,0.6383035182952881
117,1024,64,2000,0,0,0,0,98,1048576,1048576,102760448,0,0,0,0,0,0,0,0,500,131072,4194304,191414272,500,111304,445112,66431965,500,111304,445112,66431965,308,45,259,60580,1342046208,233889791,0,0,5,8,0,93.464,2881357,184406848,63.993750000000006,2075,132863.93,300559802,7.227434727729808,132863.93,196.6883116883117,0.6393098831176758
118,64,8,2000,0,0,0,0,6,1048576,1048576,6291456,0,0,0,0,0,0,0,0,31,4194304,4194304,130023424,31,509681,1081879,23386294,31,509681,1081879,23386294,8,65,65,520,1200488448,458366975,0,0,2,8,1,1024.0,5559813,44478504,57.243750000000006,94299,754396.5806451613,216185648,11.334083242866006,754396.5806451613,65.0,0.6313920021057129
119,8,64,2000,0,0,0,0,243,1048576,1048576,254803968,0,0,0,0,0,0,0,0,354,32768,4194304,266469376,354,7706,1458171,79795869,354,7706,1458171,79795869,378,37,69,23683,1128005632,410869759,0,0,5,6,1,183.77401129943502,3339388,213720832,53.7875,3522,225412.0593220339,412482649,19.577089964297034,225412.0593220339,62.65343915343915,0.6348011493682861
120,2,16,2000,0,0,0,0,138,1048576,1048576,144703488,0,0,0,0,0,0,0,0,1538,32768,4194304,193069056,1538,1256,59091,19134696,1538,1256,59091,19134696,1491,15,71,39103,1183711232,40959,0,0,8,7,1,30.647594278283485,10089998,161439968,56.44375,777,12441.284785435631,299095021,15.478768577301175,12441.284785435631,26.22602280348759,0.6362848281860352
121,1024,4,2000,0,0,0,0,233,1048576,1048576,244318208,0,0,0,0,0,0,0,0,244,32768,4194304,191201280,244,1655,89019,4929671,244,1655,89019,4929671,230,5,20,3581,1187450880,2285567,0,0,5,2,0,191.31147540983608,38785809,155143236,56.62207031249999,5050,20203.569672131147,303716941,6.78282486569242,20203.569672131147,15.569565217391304,0.6391315460205078
122,2,2,2000,0,0,0,0,59,1048576,1048576,61865984,0,0,0,0,0,0,0,0,587,32768,4194304,140115968,587,557,104788,2702028,587,557,104788,2702028,585,2,6,2158,1115222016,12287,0,0,3,3,1,58.275979557069846,51855853,103711706,53.177929687500004,2301,4603.114139693356,218547019,21.412461116683758,4603.114139693356,3.688888888888889,0.6264739036560059
123,2,128,2000,0,0,0,0,47,1048576,1048576,49283072,0,0,0,0,0,0,0,0,1110,32768,4194304,161480704,1110,553,147418,69492028,1110,553,147418,69492028,1236,2,138,131191,990117888,27230207,0,0,9,2,1,35.51711711711712,2323729,297437312,47.2125,489,62605.43063063063,253929483,16.60690602526385,62605.43063063063,106.1415857605178,0.638263463973999
124,1,2,2000,0,0,0,0,28,1048576,1048576,29360128,0,0,0,0,0,0,0,0,1172,32768,4194304,140640256,1172,544,167763,33200661,1172,544,167763,33200661,1044,2,133,27975,874958848,20479,0,0,3,1,1,29.296928327645052,4236067,8472134,41.7212890625,14164,28328.2090443686,221145795,36.085060140569524,28328.2090443686,26.79597701149425,0.6316690444946289
125,128,2,2000,0,0,0,0,274,1048576,1048576,287309824,0,0,0,0,0,0,0,0,494,32768,3670016,166756352,494,545,28233,2033849,494,545,28233,2033849,493,2,6,1737,935559168,1310719,0,0,3,6,0,82.41295546558705,81990527,163981054,44.6109375,2058,4117.103238866397,264039976,14.178927086914522,4117.103238866397,3.5233265720081137,0.6340291500091553
126,1024,4,2000,0,0,0,0,289,1048576,1048576,303038464,0,0,0,0,0,0,0,0,84,524288,4194304,159907840,84,4929,102790,3171562,84,4929,102790,3171562,87,3,6,377,1056788480,28671,0,0,6,1,0,464.76190476190476,50419269,201677076,50.3916015625,9439,37756.69047619047,267094494,18.747410939470367,37756.69047619047,4.333333333333333,0.6376662254333496
127,2,4,2000,0,0,0,0,92,1048576,1048576,96468992,0,0,0,0,0,0,0,0,2058,4096,4194304,136978432,2059,264,98783,3844629,2058,264,98783,3844296,2058,2,10,11886,1035612160,12287,0,0,5,3,1,16.249757045675413,35628517,142514068,49.3818359375,466,1867.9766763848397,197729829,19.895775109415844,1867.2311801845556,5.775510204081633,0.6366729736328125
128,8,2,2000,0,0,0,0,166,1048576,1048576,174063616,0,0,0,0,0,0,0,0,1012,8192,4194304,128925696,1013,281,73073,2369648,1013,281,73073,2369648,1010,2,9,4750,1037279232,5566463,0,0,3,0,0,31.102766798418973,54407108,108814216,49.461328125,1169,2339.2379072063177,201983367,15.992012960342192,2339.2379072063177,4.702970297029703,0.6385431289672852
129,8,32,2000,0,0,0,0,181,1048576,1048576,189792256,0,0,0,0,0,0,0,0,871,8192,4194304,154140672,871,509,137175,19283851,871,509,137175,19283851,901,2,42,27634,1046478848,1441791,0,0,3,6,1,43.20551090700344,7993251,255784032,49.9,691,22139.89781859931,241191333,16.707732172297792,22139.89781859931,30.670366259711432,0.6396970748901367
130,32,32,2000,0,0,0,0,299,1048576,1048576,313524224,0,0,0,0,0,0,0,0,357,16384,4194304,160497664,358,17713,162900,22333811,358,17713,162900,22333811,357,25,36,11884,1131610112,7016447,0,0,3,2,0,109.75910364145658,7186308,229961856,53.959375,1949,62384.9469273743,253969939,17.07437562042108,62384.9469273743,33.28851540616247,0.6351754665374756
131,8,256,2000,0,0,0,0,189,1048576,1048576,198180864,0,0,0,0,0,0,0,0,1029,16384,4194304,160694272,1028,54334,281871,124310955,1028,54334,281871,124310955,1254,30,264,283727,1170526208,28671,0,0,8,3,1,38.12633624878523,1292679,330925824,55.815039062500006,472,120925.05350194553,253783094,14.018065500090058,120925.05350194553,226.25757575757575,0.6328036785125732
132,2,64,2000,0,0,0,0,116,1048576,1048576,121634816,0,0,0,0,0,0,0,0,8708,8192,4194304,146644992,8708,472,320659,99445000,8708,472,320659,99445000,8516,8,260,580767,1140002816,49151,0,0,2,2,1,4.111391823610473,1474634,94376576,54.359570312500004,178,11419.95865870464,227812025,40.72952877233571,11419.95865870464,68.19715829027713,0.6383743286132812
133,128,4,2000,0,0,0,0,265,1048576,1048576,277872640,0,0,0,0,0,0,0,0,746,8192,4194304,160956416,746,1305,85224,11952794,746,1305,85224,11952794,686,4,71,36176,1196945408,28671,0,0,5,7,0,52.67560321715818,13466007,53864028,57.074804687500006,4005,16022.512064343164,253790201,5.767992145507054,16022.512064343164,52.734693877551024,0.6383285522460938
134,16,1,2000,0,0,0,0,156,1048576,1048576,163577856,0,0,0,0,0,0,0,0,628,65536,4194304,126091264,628,671,72544,1937560,628,671,72544,1937560,625,1,6,1648,1233416192,28671,0,0,2,3,1,49.01910828025478,65077346,65077346,58.8138671875,3085,3085.2866242038217,196630588,23.870027520285408,3085.2866242038217,2.6368,0.6378154754638672
135,1024,16,2000,0,0,0,0,179,1048576,1048576,187695104,0,0,0,0,0,0,0,0,154,65536,4194304,144756736,154,666,292708,6265247,154,666,292708,6265247,170,2,18,967,1237446656,91713535,0,0,7,9,0,229.48701298701297,23104713,369675408,59.0060546875,2542,40683.42207792208,236966674,31.16605340194618,40683.42207792208,5.688235294117647,0.6369462013244629
136,1,2,2000,0,0,0,0,59,1048576,1048576,61865984,0,0,0,0,0,0,0,0,832,8192,4194304,140738560,832,283,979907,8800689,832,283,979907,8800689,818,2,17,3066,1135329280,8191,0,0,3,0,1,41.29807692307692,15991766,31983532,54.13671875,5288,10577.751201923076,215402205,68.33523182647643,10577.751201923076,3.748166259168704,0.6251847743988037
137,16,64,2000,0,0,0,0,185,1048576,1048576,193986560,0,0,0,0,0,0,0,0,637,8192,4194304,154845184,637,303,198373,34329095,637,303,198373,34329095,700,3,72,33778,1128058880,28671,0,0,6,9,0,59.3469387755102,4510610,288679040,53.79003906249999,842,53891.82888540031,245525475,18.818660554813956,53891.82888540031,48.254285714285714,0.6345419883728027
138,16,32,2000,0,0,0,0,238,1048576,1048576,249561088,0,0,0,0,0,0,0,0,1035,24576,4194304,166592512,1035,7276,99456,29248097,1035,7276,99456,29248097,1002,26,67,37496,1182265344,7643135,0,0,2,3,1,39.29661835748792,5695841,182266912,56.3748046875,883,28259.030917874396,258878766,19.216967980649645,28259.030917874396,37.421157684630735,0.6391251087188721
139,64,128,2000,0,0,0,0,208,1048576,1048576,218103808,0,0,0,0,0,0,0,0,497,65536,4194304,168067072,497,7992,341104,57620788,497,7992,341104,57620788,590,32,131,50954,1231122432,52776959,0,0,8,6,0,82.55935613682092,2916778,373347584,58.7044921875,905,115937.19919517102,265226436,16.260362978216534,115937.19919517102,86.36271186440678,0.6426601409912109
140,32,4,2000,0,0,0,0,349,1048576,1048576,365953024,0,0,0,0,0,0,0,0,402,65536,4194304,159395840,402,1564,682359,52173432,402,1564,682359,52173432,277,4,129,7972,1332035584,3399679,0,0,6,6,1,96.80348258706468,3055115,12220460,63.51640625,32446,129784.65671641791,253477857,46.58486594381891,129784.65671641791,28.779783393501805,0.6275482177734375
141,128,32,2000,0,0,0,0,245,1048576,1048576,256901120,0,0,0,0,0,0,0,0,231,131072,4194304,159776768,231,1575,191949,18221861,231,1575,191949,18221861,260,4,35,6164,1375948800,1019903,0,0,4,3,0,168.86580086580088,8768411,280589152,65.6103515625,2465,78882.51515151515,250014618,19.70378969168673,78882.51515151515,23.70769230769231,0.640620231628418
142,8,64,2000,0,0,0,0,180,1048576,1048576,188743680,0,0,0,0,0,0,0,0,979,8192,4194304,162004992,978,16113,123271,43134875,978,16113,123271,43134875,1011,33,70,64452,1370968064,28671,0,0,6,2,1,40.400408580183864,3755777,240369728,65.3728515625,689,44105.18916155419,251761337,17.12453111479016,44105.18916155419,63.75074183976261,0.6364407539367676
143,8,256,2000,0,0,0,0,156,1048576,1048576,163577856,0,0,0,0,0,0,0,0,1228,8192,4194304,159850496,1228,11102,226955,138126795,1228,11102,226955,138126795,1421,55,264,296455,1352093696,28671,0,0,8,9,1,31.78013029315961,1157273,296261888,64.4728515625,439,112481.10342019545,250379849,16.965208171819825,112481.10342019545,208.62420830401126,0.6386256217956543
144,256,256,2000,0,0,0,0,27,1048576,1048576,28311552,0,0,0,0,0,0,0,0,537,32768,4194304,164872192,538,135354,547167,102073628,537,135354,543403,101526461,536,220,264,134124,1225752576,174145535,0,0,6,0,0,74.95716945996276,1615228,413498368,58.4484375,738,189062.3109869646,260834545,10.115244619603414,189727.93308550186,250.23134328358208,0.6351649761199951
145,256,256,2000,0,0,0,0,0,0,0,0,0,0,0,0,0,0,0,0,112,786432,4194304,154664960,112,587552,1168726,99272171,112,587552,1168726,99272171,112,255,257,28780,1060114432,419610623,0,0,7,0,1,337.14285714285717,1557989,398845184,50.5501953125,3462,886358.6696428572,257193489,10.23111030788801,886358.6696428572,256.9642857142857,0.6317787170410156
146,256,4,2000,0,0,0,0,10,1048576,1048576,10485760,0,0,0,0,0,0,0,0,109,786432,4194304,148340736,109,1215266,1494810,152273740,109,1215266,1494810,152273740,23,256,258,5916,967835648,597975039,0,0,1,4,1,332.25688073394497,974171,3896684,46.150000000000006,349251,1397006.7889908256,226730718,16.34647835696362,1397006.7889908256,257.2173913043478,0.6176273822784424
147,2,64,2000,0,0,0,0,11,1048576,1048576,11534336,0,0,0,0,0,0,0,0,168,32768,1048576,157876224,168,148056,2004677,216176767,168,148056,2004677,216176767,81,42,69,4764,791560192,809107455,0,0,5,4,1,229.42857142857142,730310,46739840,37.74453125,20105,1286766.4702380951,262217493,95.35983719545094,1286766.4702380951,58.81481481481482,0.6148102283477783
148,128,16,2000,0,0,0,0,525,1048576,1048576,550502400,0,0,0,0,0,0,0,0,748,32768,1048576,163741696,748,8070,78382,19864934,748,8070,78382,19864934,699,17,71,34662,1163919360,933887,0,0,6,6,0,53.44385026737968,8242750,131884000,55.50000000000001,1659,26557.398395721924,251236747,10.021006593050515,26557.398395721924,49.587982832618025,0.638268232345581
149,128,64,2000,0,0,0,0,202,1048576,1048576,211812352,0,0,0,0,0,0,0,0,294,524288,1048576,164102144,294,37170,174212,35687152,294,37170,174212,35687152,342,17,68,18843,1201668096,12705791,0,0,5,8,1,136.2721088435374,4598353,294294592,57.3,1896,121384.87074829932,257239949,16.16715646304871,121384.87074829932,55.09649122807018,0.6436774730682373
150,4,64,2000,0,0,0,0,90,1048576,1048576,94371840,0,0,0,0,0,0,0,0,1416,32768,1048576,159055872,1415,4956,182377,50065357,1415,4956,182377,50065357,1417,52,71,92699,1160597504,4095,0,0,6,3,1,27.423728813559322,3176964,203325696,55.341601562499996,552,35381.877738515905,248451377,19.721919096772982,35381.877738515905,65.41919548341566,0.6316688060760498
151,64,4,2000,0,0,0,0,222,1048576,1048576,232783872,0,0,0,0,0,0,0,0,890,32768,1048576,172883968,890,1739,47229,12285966,890,1739,47229,12285966,829,3,71,32908,1169686528,131071,0,0,5,5,0,47.42471910112359,14071662,56286648,55.775,3451,13804.456179775281,272536684,7.332761795341768,13804.456179775281,39.69601930036188,0.6354420185089111
152,32,32,2000,0,0,0,0,306,1048576,1048576,320864256,0,0,0,0,0,0,0,0,945,131072,1048576,156106752,945,3377,46851,19799964,945,3377,46851,19799964,972,5,35,29991,1284112384,97116159,0,0,2,2,1,40.33015873015873,7884193,252294176,61.23125,654,20952.342857142856,241991729,16.83751435254254,20952.342857142856,30.854938271604937,0.6424429416656494
153,32,8,2000,0,0,0,0,0,0,0,0,0,0,0,0,0,0,0,0,823,131072,524288,157548544,823,3045,20811,9157148,823,3045,20811,9157148,799,7,33,12058,1116864512,491659263,0,0,9,0,1,46.7363304981774,17204979,137639832,53.25625000000001,1390,11126.546780072904,250996354,15.775287657423394,11126.546780072904,15.091364205256571,0.6332404613494873
154,1024,32,2000,0,0,0,0,79,1048576,1048576,82837504,0,0,0,0,0,0,0,0,105,131072,4194304,143785984,105,5172,529171,8854224,105,5172,529171,8854224,129,2,35,2160,1029177344,611147775,0,0,3,2,0,334.32380952380953,16239253,519656096,49.075,2635,84325.94285714286,232959585,15.063637572166513,84325.94285714286,16.74418604651163,0.6274533271789551
155,2,32,2000,0,0,0,0,226,1048576,1048576,236978176,0,0,0,0,0,0,0,0,36,4194304,4194304,150994944,36,582405,736294,22499633,36,582405,736294,22499633,37,33,34,1229,1080102912,12287,0,0,4,0,1,1024.0,6710995,214751840,51.5033203125,19530,624989.8055555555,261925229,18.37480834707107,624989.8055555555,33.21621621621622,0.6248500347137451
156,1024,4,2000,0,0,0,0,186,1048576,1048576,195035136,0,0,0,0,0,0,0,0,352,8192,4194304,151240704,352,825,1352827,8822397,352,825,1352827,8822397,322,5,38,9976,1083703296,7397375,0,0,4,6,0,104.89772727272727,17142813,68571252,51.675000000000004,6265,25063.627840909092,214483730,7.7121822793945,25063.627840909092,30.981366459627328,0.634929895401001
157,512,16,2000,0,0,0,0,183,1048576,1048576,191889408,0,0,0,0,0,0,0,0,61,2097152,4194304,148897792,61,85800,201970,9095398,61,85800,201970,9095398,74,5,18,1119,1108869120,28581887,0,0,7,2,1,595.9344262295082,16370673,261930768,52.87500000000001,9319,149104.88524590165,256751320,16.546076630133797,149104.88524590165,15.121621621621621,0.6397855281829834
158,1024,128,2000,0,0,0,0,48,1048576,1048576,50331648,0,0,0,0,0,0,0,0,56,2097152,4194304,165675008,56,111936,546098,12522658,56,111936,546098,12522658,167,17,135,13607,1051197440,138158079,0,0,8,8,0,722.2857142857143,13230019,1693442432,50.125,1747,223618.89285714287,277102440,3.7997371418506205,223618.89285714287,81.47904191616766,0.621633768081665
159,2,32,2000,0,0,0,0,0,0,0,0,0,0,0,0,0,0,0,0,35,4194304,4194304,146800640,35,601956,1211364,31768580,35,601956,1211364,31768580,4,129,129,516,896008192,326844415,0,0,8,6,1,1024.0,4620938,147870016,42.725,28364,907673.7142857143,258849615,6.871318694629014,907673.7142857143,129.0,0.6053214073181152
160,16,32,2000,0,0,0,0,0,0,0,0,0,0,0,0,0,0,0,0,48,2097152,4194304,142606336,48,1262741,1853106,76922357,48,1262741,1853106,76922357,0,0,0,0,750256128,649371647,0,0,8,6,1,725.3333333333334,1853899,59324768,35.775,50079,1602549.1041666667,217459709,0,1602549.1041666667,0,0.6107780933380127
161,1024,4,2000,0,0,0,0,128,1048576,1048576,134217728,0,0,0,0,0,0,0,0,54,2097152,4194304,160931840,54,26930,2459549,97180052,54,26930,2459549,97180052,14,5,7,83,700473344,939188223,0,0,6,0,0,727.5925925925926,1656017,6624068,33.401171875,449907,1799630.5925925926,249062123,417.20071264952907,1799630.5925925926,5.928571428571429,0.6225171089172363
162,512,16,2000,0,0,0,0,486,1048576,1048576,509607936,0,0,0,0,0,0,0,0,38,2097152,4194304,143663104,39,79969,386268,8235342,38,79969,386268,7938476,49,5,18,732,1101029376,592429055,0,0,7,0,1,923.0,17444704,279115264,52.501171875,13056,208907.26315789475,243412697,15.31441212997258,211162.61538461538,14.938775510204081,0.625464677810669
163,2,64,2000,0,0,0,0,230,1048576,1048576,241172480,0,0,0,0,0,0,0,0,598,8192,4194304,151388160,599,872,372207,41411425,597,872,372207,41406514,645,17,72,40516,1171513344,1064959,0,0,1,0,1,61.80602006688963,3655709,233965376,55.862109375,1083,69357.64489112228,198586543,17.807203687548085,69134.26544240401,62.81550387596899,0.6303400993347168
164,512,128,2000,0,0,0,0,25,1048576,1048576,26214400,0,0,0,0,0,0,0,0,94,8192,4194304,148733952,94,34545,533988,20758112,94,34545,533988,20758112,157,46,132,15107,1045430272,157245439,0,0,9,0,0,386.29787234042556,7165100,917132800,49.85,1725,220830.97872340426,258706341,5.940993870659545,220830.97872340426,96.22292993630573,0.6289806365966797
165,512,256,2000,0,0,0,0,12,1048576,1048576,12582912,0,0,0,0,0,0,0,0,54,2097152,4194304,160432128,54,609142,1264382,50839692,54,609142,1264382,50839692,25,129,145,3397,889192448,435503103,0,0,0,4,1,725.3333333333334,3155647,807845632,42.4,3677,941475.7777777778,231041612,9.552476467846486,941475.7777777778,135.88,0.6327502727508545
166,16,256,2000,0,0,0,0,0,0,0,0,0,0,0,0,0,0,0,0,41,2097152,2097152,85983232,41,908609,1658172,59407548,41,908609,1658172,59407548,0,0,0,0,796917760,741933055,0,0,6,4,1,512.0,1447345,370520320,38.0,5660,1448964.5853658537,155279995,0,1448964.5853658537,0,0.6347639560699463
167,128,128,2000,0,0,0,0,11,1048576,1048576,11534336,0,0,0,0,0,0,0,0,480,65536,4194304,160759808,480,42590,2245778,81522354,480,42590,2245778,81522354,439,71,260,88629,649895936,1202814975,0,0,9,6,0,81.76666666666667,1971972,252412416,30.989453125,1326,169838.2375,242111694,10.288400263304386,169838.2375,201.8883826879271,0.6244685649871826
168,256,4,2000,0,0,0,0,54,1048576,1048576,56623104,0,0,0,0,0,0,0,0,46,524288,4194304,144179200,46,551279,1159666,38132010,46,551279,1159666,38132010,6,129,129,774,549232640,1309450239,0,0,9,4,0,765.2173913043479,3781054,15124216,26.189453125,207239,828956.7391304348,269400751,8.397641384778012,828956.7391304348,129.0,0.6287062168121338
169,16,64,2000,0,0,0,0,0,0,0,0,0,0,0,0,0,0,0,0,48,524288,4194304,151715840,48,1200857,1863120,74973819,48,1200857,1863120,74973819,25,58,65,1565,393322496,1472806911,0,0,4,4,1,771.6666666666666,2023584,129509376,18.755078125,24405,1561954.5625,223064956,32.33436393778594,1561954.5625,62.6,0.6103596687316895
170,16,2,2000,0,0,0,0,140,1048576,1048576,146800640,0,0,0,0,0,0,0,0,71,65536,4194304,151756800,71,262379,2605593,85470022,71,262379,2605593,85470022,9,3,65,462,368443392,1457872895,0,0,3,4,1,521.830985915493,1775555,3551110,17.56875,601901,1203803.1267605633,230465097,44.93928282244072,1203803.1267605633,51.333333333333336,0.6314451694488525
171,8,1,2000,0,0,0,0,765,1048576,1048576,802160640,0,0,0,0,0,0,0,0,87,65536,4194304,145620992,87,832,95800,1800263,87,832,95800,1800263,83,2,4,228,1053290496,220782591,0,0,1,8,1,408.64367816091954,80888732,80888732,50.224804687500004,20692,20692.67816091954,228121560,18.433812419070854,20692.67816091954,2.746987951807229,0.6175765991210938
172,256,256,2000,0,0,0,0,36,1048576,1048576,37748736,0,0,0,0,0,0,0,0,134,524288,4194304,152043520,135,3079,552747,30547437,135,3079,552747,30547437,388,2,258,63684,1066401792,130916351,0,0,6,0,0,277.0149253731343,4977292,1274186752,50.849999999999994,883,226277.3111111111,252226430,4.976674447917652,226277.3111111111,164.1340206185567,0.6231608390808105
173,512,128,2000,0,0,0,0,0,0,0,0,0,0,0,0,0,0,0,0,114,1048576,1048576,119537664,114,573124,1235795,101753588,114,573124,1235795,101753588,15,257,257,3855,938475520,306814975,0,0,8,8,0,256.0,1174775,150371200,44.75,6973,892575.3333333334,200054420,13.566624108300909,892575.3333333334,257.0,0.6054270267486572
174,1024,128,2000,0,0,0,0,19,1048576,1048576,19922944,0,0,0,0,0,0,0,0,115,1048576,4194304,123731968,115,537415,1843054,157065235,115,537415,1843054,157065235,94,129,130,12129,825229312,482557951,0,0,9,4,0,262.67826086956524,787774,100835072,39.35,10670,1365784.652173913,198363283,40.29590865467586,1365784.652173913,129.03191489361703,0.6302917003631592
175,32,256,2000,0,0,0,0,0,0,0,0,0,0,0,0,0,0,0,0,42,1048576,4194304,122683392,42,577424,2313031,54084126,42,577424,2313031,54084126,170,129,257,34538,697303040,697556991,0,0,7,2,1,713.1428571428571,2268380,580705280,33.25,5030,1287717.2857142857,212238017,8.887829711625695,1287717.2857142857,203.16470588235293,0.6287622451782227
176,256,1,2000,0,0,0,0,0,0,0,0,0,0,0,0,0,0,0,0,48,131072,4194304,33554432,50,1147462,2617871,77631528,50,1147462,2617871,77631528,6,257,257,1542,640778240,795099135,0,0,5,0,0,170.66666666666666,432226,432226,30.5546875,1552630,1552630.56,26933440,35.3986174610895,1552630.56,257.0,0.6164252758026123
177,64,4,2000,0,0,0,0,0,0,0,0,0,0,0,0,0,0,0,0,162,131072,4194304,134610944,162,774719,3449711,247282495,162,774719,3449711,247282495,0,0,0,0,435683328,1151705087,0,0,9,6,1,202.8641975308642,544360,2177440,20.775,381608,1526435.1543209876,217686994,0,1526435.1543209876,0,0.6366667747497559
178,1024,256,2000,0,0,0,0,2,1048576,1048576,2097152,0,0,0,0,0,0,0,0,37,131072,4194304,126746624,37,283102,2869521,62918940,37,283102,2869521,62918940,78,25,98,4839,306839552,1375657983,0,0,9,2,0,836.3243243243244,2014443,515697408,14.631250000000001,6642,1700511.8918918918,235310968,32.775092465496535,1700511.8918918918,62.03846153846154,0.6378729343414307
179,1024,128,2000,0,0,0,0,0,0,0,0,0,0,0,0,0,0,0,0,30,3801088,4194304,125435904,30,597318,1229359,27460073,30,597318,1229359,27460073,0,0,0,0,179306496,1598840831,0,0,8,4,1,1020.8,4567937,584695936,8.55,7151,915335.7666666667,207765188,0,915335.7666666667,0,0.6163458824157715
180,1024,2,2000,0,0,0,0,21,1048576,1048576,22020096,0,0,0,0,0,0,0,0,30,4194304,4194304,125829120,31,1275099,4656673,55577744,30,1275099,1909975,50921071,0,0,0,0,55574528,1818419199,0,0,7,8,1,1024.0,2264019,4528038,2.65,848684,1697369.0333333334,199952852,0,1792830.4516129033,0,0.6088418960571289
181,8,128,2000,0,0,0,0,110,1048576,1048576,115343360,0,0,0,0,0,0,0,0,31,3145728,4194304,128974848,30,30391,4691204,15682637,30,30391,4691204,15682637,156,3,130,11801,212860928,1609449471,0,0,9,8,1,1015.741935483871,8224053,1052678784,10.15,4084,522754.56666666665,218012871,6.803309686403522,522754.56666666665,75.6474358974359,0.6286740303039551
182,128,32,2000,0,0,0,0,365,1048576,1048576,382730240,0,0,0,0,0,0,0,0,314,32768,4194304,133169152,314,35923,856684,113779002,314,35923,856684,113779002,217,17,129,11420,428343296,1440833535,0,0,3,8,0,103.54140127388536,1170419,37453408,20.424999999999997,11323,362353.50955414015,155549400,66.49853287095611,362353.50955414015,52.62672811059908,0.6235778331756592
183,512,32,2000,0,0,0,0,291,1048576,1048576,305135616,0,0,0,0,0,0,0,0,111,524288,2097152,121110528,111,86367,538553,19004294,111,86367,538553,19004294,111,32,34,3703,746061824,1113874431,0,0,3,4,0,266.3783783783784,6372798,203929536,35.575,5350,171209.85585585586,197262944,19.26633278870063,171209.85585585586,33.36036036036036,0.6240983009338379
184,1024,64,2000,0,0,0,0,2,1048576,1048576,2097152,0,0,0,0,0,0,0,0,37,2097152,2097152,77594624,37,240966,595063,13504456,37,240966,595063,13504456,69,33,66,3516,698875904,1164107775,0,0,5,8,0,512.0,5745853,367734592,33.324999999999996,5702,364985.2972972973,135459594,13.989610837907017,364985.2972972973,50.95652173913044,0.6260695457458496
185,64,64,2000,0,0,0,0,0,0,0,0,0,0,0,0,0,0,0,0,38,524288,4194304,138412032,38,281975,1264000,33512838,38,281975,1264000,33512838,38,65,65,2470,554172416,1315594239,0,0,5,6,1,889.2631578947369,4130119,264327616,26.424999999999997,13779,881916.7894736842,236500517,15.257520214160836,881916.7894736842,65.0,0.617919921875
186,1,256,2000,0,0,0,0,0,0,0,0,0,0,0,0,0,0,0,0,146,524288,4194304,149946368,146,215860,1814212,77536594,146,215860,1814212,77536594,105,65,160,11665,402128896,1474396159,0,0,4,2,1,250.73972602739727,1933878,495072768,19.175,2074,531072.5616438356,215751381,19.06493253250714,531072.5616438356,111.0952380952381,0.629624605178833
187,32,64,2000,0,0,0,0,998,1048576,1048576,1046478848,0,0,0,0,0,0,0,0,1505,4096,4194304,172195840,1508,4152,2080084,91143492,1508,4152,2080084,91143492,1314,59,262,180621,1134592000,593678335,0,0,3,8,0,27.93355481727575,1889282,120914048,54.1015625,944,60439.98143236074,266830949,15.740743341433786,60439.98143236074,137.45890410958904,0.6312272548675537
188,128,8,2000,0,0,0,0,659,1048576,1048576,691011584,0,0,0,0,0,0,0,0,262,131072,4194304,121896960,262,22372,99895,15246146,262,22372,99895,15246146,205,9,67,8362,1687310336,28671,0,0,9,1,0,113.58778625954199,7995263,63962104,80.4572265625,7273,58191.396946564884,199735438,12.55945647778095,58191.396946564884,40.79024390243902,0.62953782081604
189,512,16,2000,0,0,0,0,192,1048576,1048576,201326592,0,0,0,0,0,0,0,0,72,524288,4194304,150994944,72,30059,235138,9821971,72,30059,235138,9821971,80,9,18,1211,1703284736,28671,0,0,7,0,0,512.0,15373181,245970896,81.2189453125,8526,136416.26388888888,251913179,17.601190117786036,136416.26388888888,15.1375,0.641045093536377
190,256,16,2000,0,0,0,0,182,1048576,1048576,190840832,0,0,0,0,0,0,0,0,76,1048576,4194304,130547712,76,105298,254815,12646660,76,105298,254815,12646660,76,17,18,1321,1719173120,802815,0,0,8,9,1,419.36842105263156,10322702,165163232,81.9765625,10400,166403.42105263157,206243392,22.82849604321905,166403.42105263157,17.38157894736842,0.6284298896789551
191,16,16,2000,0,0,0,0,140,1048576,1048576,146800640,0,0,0,0,0,0,0,0,401,131072,4194304,145227776,401,7586,177286,13042563,401,7586,177286,13042563,400,16,19,6994,1700728832,28671,0,0,7,3,1,88.41895261845387,11134910,178158560,81.0970703125,2032,32525.09476309227,212147564,21.038150996367182,32525.09476309227,17.485,0.63173508644104
192,2,4,2000,0,0,0,0,52,1048576,1048576,54525952,0,0,0,0,0,0,0,0,559,131072,4194304,152076288,559,1132,62680,5224183,559,1132,62680,5224183,547,4,19,4097,1602129920,4095,0,0,5,3,1,66.4186046511628,29110061,116440244,76.3955078125,2336,9345.586762075134,238160059,18.78616742786185,9345.586762075134,7.489945155393053,0.6336133480072021
193,2,8,2000,0,0,0,0,53,1048576,1048576,55574528,0,0,0,0,0,0,0,0,507,131072,4194304,152305664,507,1143,50272,6035055,507,1143,50272,6035055,512,3,14,4661,1486655488,20479,0,0,0,1,1,73.34122287968442,25236831,201894648,70.88925781249999,1487,11903.461538461539,238834083,17.828548386084258,11903.461538461539,9.103515625,0.6320095062255859
194,16,2,2000,0,0,0,0,135,1048576,1048576,141557760,0,0,0,0,0,0,0,0,561,131072,4194304,141688832,561,933,93004,2803733,561,933,93004,2803733,556,2,11,2587,1443102720,1720319,0,0,4,7,1,61.66131907308378,50535779,101071558,68.8125,2498,4997.741532976827,224848939,17.419646755445196,4997.741532976827,4.652877697841727,0.6346442699432373
195,16,128,2000,0,0,0,0,158,1048576,1048576,165675008,0,0,0,0,0,0,0,0,643,65536,4194304,155189248,649,981,210398,66442284,649,981,210398,66442284,758,2,132,76822,1422823424,28671,0,0,1,2,1,58.92379471228616,2335700,298969600,67.8455078125,799,102376.40061633282,241467587,17.143233668551666,102376.40061633282,101.34828496042216,0.639507532119751
196,512,4,2000,0,0,0,0,231,1048576,1048576,242221056,0,0,0,0,0,0,0,0,309,65536,2097152,166723584,309,29367,147540,32890969,309,29367,147540,32890969,186,4,131,16491,1458507776,28671,0,0,6,9,0,131.72815533980582,5068977,20275908,69.5470703125,26610,106443.26537216829,267762632,9.113926698367779,106443.26537216829,88.66129032258064,0.6338434219360352
197,64,32,2000,0,0,0,0,226,1048576,1048576,236978176,0,0,0,0,0,0,0,0,306,262144,2097152,158859264,306,38827,93622,19430931,306,38827,93622,19430931,333,5,35,10390,1495965696,11567103,0,0,3,0,1,126.74509803921569,8175586,261618752,71.333203125,1984,63499.77450980392,246260933,16.057195586543134,63499.77450980392,31.2012012012012,0.638263463973999
198,32,8,2000,0,0,0,0,224,1048576,1048576,234881024,0,0,0,0,0,0,0,0,555,65536,2097152,154992640,556,1277,70996,10557385,555,1277,70996,10553082,530,3,34,6439,1536229376,2252799,0,0,8,6,1,68.18018018018019,14680968,117447744,73.253125,2376,19014.56216216216,242988693,22.923496861526743,18988.10251798561,12.149056603773586,0.6406443119049072
199,512,32,2000,0,0,0,0,167,1048576,1048576,175112192,0,0,0,0,0,0,0,0,126,131072,2097152,157286400,126,5484,293860,14168685,126,5484,293860,14168685,152,6,35,3287,1526628352,55361535,0,0,4,4,0,304.76190476190476,11100987,355231584,72.7953125,3514,112449.88095238095,249732214,17.062481936416184,112449.88095238095,21.625,0.6408684253692627
200,1,128,2000,0,0,0,0,49,1048576,1048576,51380224,0,0,0,0,0,0,0,0,819,8192,2097152,148897792,819,6010,1044131,77826448,819,6010,1044131,77826448,915,33,138,113155,1416060928,8191,0,0,9,6,1,44.385836385836384,1913202,244889856,67.523046875,742,95026.18803418803,232903681,17.31196020462397,95026.18803418803,123.66666666666667,0.6248970031738281
201,4,256,2000,0,0,0,0,93,1048576,1048576,97517568,0,0,0,0,0,0,0,0,1152,8192,2097152,149929984,1152,23056,244919,157101677,1152,23056,244919,157101677,1280,118,263,303942,1332809728,1249279,0,0,7,9,0,31.774305555555557,954349,244313344,63.55332031249999,532,136372.98350694444,235372554,18.07471786988594,136372.98350694444,237.4546875,0.6339089870452881
202,1,1,2000,0,0,0,0,31,1048576,1048576,32505856,0,0,0,0,0,0,0,0,847,8192,2097152,137412608,846,303,334822,87542425,846,303,334822,87542425,594,1,263,37540,1221840896,4095,0,0,1,7,1,39.608028335301064,1569668,1569668,58.2619140625,103478,103478.0437352246,214770574,41.33873306728753,103478.0437352246,63.1986531986532,0.6363246440887451
203,512,8,2000,0,0,0,0,237,1048576,1048576,248512512,0,0,0,0,0,0,0,0,121,65536,2097152,164167680,121,749,108614,5201936,121,749,108614,5201936,127,2,10,826,1243774976,991231,0,0,9,0,0,331.2396694214876,31558958,252471664,59.307812500000004,5373,42991.20661157025,277642597,19.95542426043796,42991.20661157025,6.503937007874016,0.6346874237060547
204,64,16,2000,0,0,0,0,224,1048576,1048576,234881024,0,0,0,0,0,0,0,0,266,262144,2097152,159383552,267,17620,90547,11257707,267,17620,90547,11257707,273,9,19,4645,1283059712,28671,0,0,8,3,1,146.28571428571428,14157727,226523632,61.1810546875,2635,42163.69662921348,238827020,16.940011154977416,42163.69662921348,17.014652014652015,0.6363024711608887
205,2,2,2000,0,0,0,0,58,1048576,1048576,60817408,0,0,0,0,0,0,0,0,739,8192,2097152,161087488,739,295,57307,4304610,739,295,57307,4304610,726,2,19,3493,1198493696,28671,0,0,4,3,1,53.21786197564276,37422086,74844172,57.1486328125,2912,5824.912043301759,246368813,22.7494019481483,5824.912043301759,4.811294765840221,0.6379294395446777
206,512,4,2000,0,0,0,0,266,1048576,1048576,278921216,0,0,0,0,0,0,0,0,339,8192,2097152,171319296,339,285,50202,3264903,339,285,50202,3264903,341,2,6,1392,1240989696,4923391,0,0,6,2,0,123.38053097345133,52473012,209892048,59.175,2407,9630.982300884956,273618418,19.122254481620903,9630.982300884956,4.0821114369501466,0.6340200901031494
207,128,64,2000,0,0,0,0,224,1048576,1048576,234881024,0,0,0,0,0,0,0,0,159,462848,2097152,171175936,159,28925,281588,27939120,159,28925,281588,27939120,219,5,67,11629,1274286080,38146047,0,0,5,9,1,262.8364779874214,6126747,392111808,60.7626953125,2745,175717.7358490566,273292241,12.59017318137451,175717.7358490566,53.10045662100457,0.6349489688873291
208,512,2,2000,0,0,0,0,326,1048576,1048576,341835776,0,0,0,0,0,0,0,0,121,524288,2097152,153092096,121,19695,963661,27157421,121,19695,963661,27157421,58,3,65,1305,1383624704,28671,0,0,3,0,0,308.89256198347107,5637210,11274420,65.97636718749999,112220,224441.4958677686,239402396,32.293356402207,224441.4958677686,22.5,0.6328461170196533
209,512,2,2000,0,0,0,0,256,1048576,1048576,268435456,0,0,0,0,0,0,0,0,78,1048576,2097152,155205632,78,20404,38577,2256567,78,20404,38577,2256567,76,3,4,259,1451229184,573439,0,0,2,0,0,485.79487179487177,68779536,137559072,69.19999999999999,14465,28930.346153846152,243679008,17.47489328540738,28930.346153846152,3.4078947368421053,0.6376814842224121
210,32,32,2000,0,0,0,0,266,1048576,1048576,278921216,0,0,0,0,0,0,0,0,293,131072,2097152,171180032,293,7973,139815,17620831,293,7973,139815,17620831,323,3,36,9881,1507536896,8675327,0,0,3,0,1,142.63481228668942,9714640,310868480,71.8849609375,1879,60139.35494880546,266290032,13.782717470072267,60139.35494880546,30.591331269349844,0.6344702243804932
211,1,64,2000,0,0,0,0,60,1048576,1048576,62914560,0,0,0,0,0,0,0,0,1270,4096,2097152,151928832,1270,839,149120,40717611,1270,839,149120,40717611,1303,32,80,84065,1411547136,110591,0,0,6,0,1,29.206299212598424,3731280,238801920,67.3078125,500,32061.11102362205,240720794,17.014971902567346,32061.11102362205,64.51650038372985,0.6268420219421387
212,1,256,2000,0,0,0,0,37,1048576,1048576,38797312,0,0,0,0,0,0,0,0,2213,4096,2097152,135524352,2213,393,290328,146299631,2213,393,290328,146299631,2405,16,267,560669,1301909504,4095,0,0,7,4,1,14.95119746949842,926347,237144832,62.079882812499996,258,66109.18707636693,223541326,18.966813589170787,66109.18707636693,233.12640332640333,0.6049675941467285
213,128,1,2000,0,0,0,0,230,1048576,1048576,241172480,0,0,0,0,0,0,0,0,572,8192,2097152,153837568,572,3000,259685,60105571,572,3000,259685,60105571,315,2,261,60813,1328078848,430079,0,0,3,8,0,65.66083916083916,2559456,2559456,63.327734375,105079,105079.66958041958,242173554,8.289462955871212,105079.66958041958,193.05714285714285,0.6367983818054199
214,64,1,2000,0,0,0,0,222,1048576,1048576,232783872,0,0,0,0,0,0,0,0,155,249856,2097152,141283328,155,1765,38368,1583376,155,1765,38368,1583376,155,2,4,396,1376620544,28671,0,0,2,5,1,222.53548387096774,89229171,89229171,65.6423828125,10215,10215.329032258065,223114167,17.96758059825929,10215.329032258065,2.554838709677419,0.6377878189086914
215,2,32,2000,0,0,0,0,56,1048576,1048576,58720256,0,0,0,0,0,0,0,0,862,8192,2097152,152133632,862,440,133662,18900605,862,440,133662,18900605,894,2,39,28854,1285922816,16383,0,0,4,8,1,43.088167053364266,8049140,257572480,61.317578125000004,685,21926.45591647332,237948428,15.766740205481621,21926.45591647332,32.2751677852349,0.6346609592437744
216,32,256,2000,0,0,0,0,55,1048576,1048576,57671680,0,0,0,0,0,0,0,0,380,8192,2097152,148398080,380,1477,555639,79985555,380,1477,555639,79985555,604,16,264,102702,1183985664,127832063,0,0,7,5,0,95.34210526315789,1855310,474959360,56.4568359375,822,210488.30263157896,239464928,12.983783529238702,210488.30263157896,170.03642384105962,0.6281745433807373
217,4,8,2000,0,0,0,0,172,1048576,1048576,180355072,0,0,0,0,0,0,0,0,432,16384,2097152,162791424,432,357,1127661,155374875,432,357,1127661,155374875,186,2,257,11563,1151549440,53247,0,0,0,1,1,92.0,1047733,8381864,54.91015625,44958,359664.0625,257366095,62.88566193612309,359664.0625,62.166666666666664,0.6219069957733154
218,2,4,2000,0,0,0,0,50,1048576,1048576,52428800,0,0,0,0,0,0,0,0,766,4096,2097152,152174592,767,289,44457,4232650,767,289,44457,4232650,762,3,12,5022,1049198592,24575,0,0,6,3,1,48.50130548302872,35952557,143810228,50.029687499999994,1379,5518.448500651891,240207103,17.264015947415906,5518.448500651891,6.590551181102362,0.6384763717651367
219,512,32,2000,0,0,0,0,116,1048576,1048576,121634816,0,0,0,0,0,0,0,0,165,8192,2097152,145883136,159,286,307018,14346766,159,286,307018,14346766,193,2,35,3294,1003753472,80875519,0,0,4,3,0,215.85454545454544,10168363,325387616,47.862695312499994,2819,90231.23270440252,235445123,24.49229074807542,90231.23270440252,17.067357512953368,0.6295638084411621
220,512,128,2000,0,0,0,0,13,1048576,1048576,13631488,0,0,0,0,0,0,0,0,81,1048576,2097152,155189248,81,269588,545454,27700404,81,269588,545454,27700404,175,33,130,16572,883175424,289738751,0,0,9,2,0,467.75308641975306,5602418,717109504,42.1130859375,2671,341980.2962962963,269383967,7.72053767298594,341980.2962962963,94.69714285714285,0.6269710063934326
221,1024,64,2000,0,0,0,0,0,0,0,0,0,0,0,0,0,0,0,0,76,1048576,2097152,151269376,76,589980,1150757,68801018,76,589980,1150757,68801018,12,129,129,1548,723517440,497172479,0,0,5,9,0,485.9342105263158,2198650,140713600,34.5,14144,905276.552631579,225909848,14.441559253911391,905276.552631579,129.0,0.6373252868652344
222,1024,4,2000,0,0,0,0,43,1048576,1048576,45088768,0,0,0,0,0,0,0,0,69,1048576,4194304,147849216,69,616241,1213244,76145520,69,616241,1213244,76145520,12,65,65,780,609222656,675979263,0,0,8,2,0,523.1304347826087,1941666,7766664,29.049999999999997,275889,1103558.2608695652,243664972,32.454275777414075,1103558.2608695652,65.0,0.6362802982330322
223,4,1,2000,0,0,0,0,387,1048576,1048576,405798912,0,0,0,0,0,0,0,0,889,4096,4194304,117161984,889,329,742961,5943649,889,329,742961,5943649,887,1,5,2393,832458752,28671,0,0,4,1,1,32.17547806524185,19712130,19712130,39.6947265625,6685,6685.769403824522,161205146,77.02067249061099,6685.769403824522,2.6978579481397973,0.6237220764160156
224,512,32,2000,0,0,0,0,353,1048576,1048576,370147328,0,0,0,0,0,0,0,0,382,16384,2097152,151093248,382,332,378356,15094536,382,332,378356,15094536,411,2,36,3591,1009680384,565247,0,0,2,2,0,96.56544502617801,10009797,320313504,48.145312499999996,1234,39514.49214659686,237837729,46.83398096194726,39514.49214659686,8.737226277372264,0.6363883018493652
225,16,4,2000,0,0,0,0,236,1048576,1048576,247463936,0,0,0,0,0,0,0,0,463,65536,2097152,147390464,463,672,332419,14425032,463,672,332419,14425032,436,2,34,2705,1100988416,4907007,0,0,5,9,1,77.71922246220302,10217687,40870748,52.49921875,7788,31155.57667386609,233782856,64.61399102003848,31155.57667386609,6.204128440366972,0.6338834762573242
226,2,256,2000,0,0,0,0,107,1048576,1048576,112197632,0,0,0,0,0,0,0,0,6258,8192,2097152,150896640,6258,286,64441,147373976,6258,286,64441,147373976,6510,4,263,1569971,1066987520,4095,0,0,7,7,1,5.88686481303931,1023902,262118912,50.8779296875,91,23549.69255353148,237427793,16.5878667187647,23549.69255353148,241.16298003072197,0.6295545101165771
227,128,32,2000,0,0,0,0,382,1048576,1048576,400556032,0,0,0,0,0,0,0,0,2014,16384,524288,153370624,2014,9583,88916,52123011,2014,9583,88916,52123011,1791,29,263,405740,1232244736,1867775,0,0,4,1,0,18.59185700099305,2942474,94159168,58.758007812500004,808,25880.343098311816,240193622,6.144619859184257,25880.343098311816,226.54383026242323,0.6390945911407471
228,128,256,2000,0,0,0,0,92,1048576,1048576,96468992,0,0,0,0,0,0,0,0,259,524288,2097152,142917632,259,72907,543832,63606517,259,72907,543832,63606517,483,33,260,87329,1213956096,224698367,0,0,7,4,1,134.71814671814673,2246902,575206912,57.8859375,959,245585.00772200772,234207835,10.082410945954434,245585.00772200772,180.80538302277432,0.6254088878631592
229,2,64,2000,0,0,0,0,127,1048576,1048576,133169152,0,0,0,0,0,0,0,0,214,524288,4194304,149946368,214,514676,1109002,147541562,214,514676,1109002,147541562,32,256,257,8222,1170964480,4087807,0,0,5,4,1,171.06542056074767,1016299,65043136,55.8359375,10772,689446.5514018692,240905659,15.685951940300031,689446.5514018692,256.9375,0.6209366321563721
230,32,4,2000,0,0,0,0,228,1048576,1048576,239075328,0,0,0,0,0,0,0,0,260,8192,4194304,148340736,260,1218,1323125,62815412,260,1218,1323125,62815412,202,3,65,2881,1192898560,1781759,0,0,6,9,0,139.2923076923077,2361534,9446136,56.8818359375,60399,241597.73846153845,236548343,121.61127515442651,241597.73846153845,14.262376237623762,0.6267664432525635
231,512,2,2000,0,0,0,0,253,1048576,1048576,265289728,0,0,0,0,0,0,0,0,105,131072,4194304,161480704,106,1269,67743,2434343,105,1269,67743,2411147,105,3,7,458,1256194048,7208959,0,0,3,0,0,375.46666666666664,66334408,132668816,59.9,11481,22963.30476190476,255441214,14.022593329756354,22965.5,4.3619047619047615,0.636824369430542
232,512,256,2000,0,0,0,0,41,1048576,1048576,42991616,0,0,0,0,0,0,0,0,78,2097152,4194304,171966464,78,18079,523441,16776778,78,18079,523441,16776778,331,3,260,48362,1158676480,165724159,0,0,7,0,1,538.2564102564103,10250267,2624068352,55.25,840,215086.89743589744,294435473,2.7349442970856352,215086.89743589744,146.10876132930514,0.620800256729126
233,16,1,2000,0,0,0,0,0,0,0,0,0,0,0,0,0,0,0,0,51,2097152,4194304,115343360,51,570248,1019897,40627278,51,570248,1019897,40627278,12,257,258,3085,1035993088,328269823,0,0,7,0,1,552.156862745098,2839061,2839061,49.4,796613,796613.2941176471,183925270,5.611915886989834,796613.2941176471,257.0833333333333,0.6292877197265625
234,2,1,2000,0,0,0,0,33,1048576,1048576,34603008,0,0,0,0,0,0,0,0,105,1703936,4194304,232259584,105,1341501,1729135,158594554,105,1341501,1729135,158594554,0,0,0,0,831168512,526000127,0,0,2,2,1,540.0380952380953,1464486,1464486,39.633203125,1510424,1510424.3238095238,359221399,0,1510424.3238095238,0,0.6148078441619873
235,16,32,2000,0,0,0,0,0,0,0,0,0,0,0,0,0,0,0,0,67,65536,4194304,146866176,67,1705380,2570198,143152901,67,1705380,2570198,143152901,0,0,0,0,739704832,562307071,0,0,2,0,1,535.1641791044776,1025939,32830048,35.271875,66769,2136610.462686567,239312057,0,2136610.462686567,0,0.613534688949585
236,64,16,2000,0,0,0,0,632,1048576,1048576,662700032,0,0,0,0,0,0,0,0,188,262144,4194304,194772992,189,23205,2866084,118806404,189,23205,2866084,118806404,163,17,19,2891,1100922880,341950463,0,0,7,4,1,252.93617021276594,1639414,26230624,52.49609374999999,39287,628605.3121693122,328082449,140.12209471407706,628605.3121693122,17.736196319018404,0.6024129390716553
237,32,4,2000,0,0,0,0,513,1048576,1048576,537919488,0,0,0,0,0,0,0,0,348,131072,2097152,164495360,348,1079,81914,5439319,348,1079,81914,5439319,336,3,19,2604,1466634240,12287,0,0,5,0,1,115.40229885057471,30241903,120967612,69.9345703125,3907,15630.227011494253,253183964,17.476285181853235,15630.227011494253,7.75,0.6303977966308594
238,4,32,2000,0,0,0,0,164,1048576,1048576,171966464,0,0,0,0,0,0,0,0,1761,16384,2097152,188088320,1760,532,78854,19359480,1760,532,78854,19359480,1793,4,43,57638,1431633920,507903,0,0,4,9,1,26.07609312890403,9715566,310898112,68.265625,343,10999.704545454546,293296975,13.122297619726444,10999.704545454546,32.14612381483547,0.634688138961792
239,32,64,2000,0,0,0,0,289,1048576,1048576,303038464,0,0,0,0,0,0,0,0,748,16384,2097152,178520064,749,1506,130032,40145742,748,1506,130032,40070922,777,30,68,42307,1487237120,28671,0,0,6,0,0,58.26737967914438,4446799,284595136,70.9169921875,837,53570.75133689839,282717836,16.894329950860406,53599.121495327105,54.44916344916345,0.6349964141845703
240,128,8,2000,0,0,0,0,224,1048576,1048576,234881024,0,0,0,0,0,0,0,0,422,262144,524288,177995776,422,15846,74052,16220909,422,15846,74052,16220909,367,9,67,9513,1490927616,147455,0,0,0,9,0,102.97630331753554,10973230,87785840,71.09296875,4804,38438.17298578199,277869190,14.400381811739058,38438.17298578199,25.920980926430516,0.635420560836792
241,32,32,2000,0,0,0,0,191,1048576,1048576,200278016,0,0,0,0,0,0,0,0,610,262144,524288,176160768,610,15457,38923,20174273,610,15457,38923,20174273,634,9,34,19571,1481019392,233471,0,0,3,7,1,70.50491803278689,8731951,279422432,70.6205078125,1033,33072.57868852459,276151378,15.195846130621627,33072.57868852459,30.869085173501578,0.6410510540008545
242,512,8,2000,0,0,0,0,237,1048576,1048576,248512512,0,0,0,0,0,0,0,0,198,262144,2097152,171180032,198,33054,96198,9736267,198,33054,96198,9736267,174,7,36,4217,1500852224,2519039,0,0,0,8,0,211.07070707070707,17581690,140653520,71.5662109375,6146,49173.06565656565,268263282,9.612690668395008,49173.06565656565,24.235632183908045,0.6348750591278076
243,2,256,2000,0,0,0,0,62,1048576,1048576,65011712,0,0,0,0,0,0,0,0,1412,16384,2097152,172474368,1412,7869,203082,132477474,1412,7869,203082,132477474,1661,9,268,392938,1413533696,4095,0,0,8,1,1,29.821529745042493,1301914,333289984,67.4025390625,366,93822.57365439093,272462364,13.299123729283764,93822.57365439093,236.56712823600242,0.6366074085235596
244,1024,16,2000,0,0,0,0,242,1048576,1048576,253755392,0,0,0,0,0,0,0,0,734,16384,4194304,186122240,734,26739,362220,76599106,734,26739,362220,76599106,494,12,267,117027,1416626176,23969791,0,0,7,0,0,61.90735694822888,2429822,38877152,67.55,6522,104358.45504087194,292371209,7.115841323694773,104358.45504087194,236.89676113360323,0.639324426651001
245,1,1,2000,0,0,0,0,52,1048576,1048576,54525952,0,0,0,0,0,0,0,0,632,16384,4194304,162529280,632,356,706977,7415402,632,356,706977,7415402,617,2,18,1749,1289838592,8191,0,0,2,4,1,62.78481012658228,21917797,21917797,61.504296874999994,11733,11733.231012658227,255191687,65.92625270315756,11733.231012658227,2.8346839546191247,0.631950855255127
246,16,1,2000,0,0,0,0,146,1048576,1048576,153092096,0,0,0,0,0,0,0,0,1028,16384,2097152,147980288,1028,357,20149,1443301,1028,357,20149,1443301,1027,1,4,2630,1255067648,28671,0,0,2,7,0,35.143968871595334,102529055,102529055,59.846289062500006,1403,1403.989299610895,232322113,15.600110959511934,1403.989299610895,2.560856864654333,0.6359870433807373
247,64,128,2000,0,0,0,0,229,1048576,1048576,240123904,0,0,0,0,0,0,0,0,642,131072,2097152,170700800,642,889,177204,66144022,642,889,177204,66144022,770,2,131,71874,1270722560,28671,0,0,8,8,0,64.91433021806854,2580744,330335232,60.5927734375,804,103028.07165109034,271621613,17.003326754300193,103028.07165109034,93.34285714285714,0.6352219581604004
248,64,2,2000,0,0,0,0,212,1048576,1048576,222298112,0,0,0,0,0,0,0,0,472,262144,2097152,154140672,468,1851,269984,37747470,468,1851,269984,37747470,348,3,131,11153,1292914688,339967,0,0,3,5,1,79.72881355932203,4083470,8166940,61.650976562500006,40328,80656.98717948717,241107369,31.565613595340537,80656.98717948717,32.048850574712645,0.6345441341400146
249,64,128,2000,0,0,0,0,184,1048576,1048576,192937984,0,0,0,0,0,0,0,0,471,262144,2097152,138936320,471,1622,193247,60232107,471,1622,193247,60232107,597,2,131,60399,1322651648,28671,0,0,0,1,1,72.01698513800424,2306682,295255296,63.068945312500006,999,127881.33121019109,221093074,17.551603319353188,127881.33121019109,101.17085427135679,0.6239752769470215
250,8,16,2000,0,0,0,0,124,1048576,1048576,130023424,0,0,0,0,0,0,0,0,949,32768,2097152,164102144,949,1392,215344,47623178,949,1392,215344,47623178,838,9,132,25058,1289129984,4095,0,0,8,3,1,42.21707060063225,3445846,55133536,61.470507812499996,3136,50182.48472075869,260351196,39.752246796218714,50182.48472075869,29.90214797136038,0.6356241703033447
251,64,32,2000,0,0,0,0,253,1048576,1048576,265289728,0,0,0,0,0,0,0,0,299,32768,4194304,151212032,299,7483,196161,19295789,299,7483,196161,19295789,316,16,35,8872,1334882304,2494463,0,0,4,3,0,123.46822742474916,7836530,250768960,63.6521484375,2016,64534.41137123746,239857057,18.61665666404981,64534.41137123746,28.075949367088608,0.633091926574707
252,16,2,2000,0,0,0,0,177,1048576,1048576,185597952,0,0,0,0,0,0,0,0,314,4096,4194304,149946368,314,663,164739,10061308,314,663,164739,10061308,283,2,35,2145,1356296192,28671,0,0,2,5,0,116.5859872611465,14903267,29806534,64.67324218750001,16021,32042.382165605097,234213177,36.260816594536,32042.382165605097,7.579505300353357,0.6356539726257324
253,1024,1,2000,0,0,0,0,254,1048576,1048576,266338304,0,0,0,0,0,0,0,0,98,65536,4194304,149946368,98,777,52746,1631977,98,777,52746,1631977,97,2,4,307,1426108416,995327,0,0,2,1,0,373.55102040816325,91880196,91880196,68.0021484375,16652,16652.826530612245,239629211,14.085471519014373,16652.826530612245,3.1649484536082473,0.6345279216766357
254,1024,32,2000,0,0,0,0,89,1048576,1048576,93323264,0,0,0,0,0,0,0,0,39,1048576,4194304,148357120,40,17532,491207,9035606,40,17532,491207,9035606,70,2,34,1593,1353117696,156332031,0,0,3,5,0,928.7179487179487,16419166,525413312,64.5216796875,7059,225890.15,243998012,10.687982131585487,225890.15,22.757142857142856,0.6422555446624756
255,64,4,2000,0,0,0,0,251,1048576,1048576,263192576,0,0,0,0,0,0,0,0,42,262144,4194304,150740992,43,25953,1301549,24033915,43,25953,1301549,24033915,13,5,33,209,1474744320,70791167,0,0,5,1,1,876.2380952380952,6272011,25088044,70.3212890625,139732,558928.2558139535,249668190,39.67628497338514,558928.2558139535,16.076923076923077,0.6299331188201904
256,2,8,2000,0,0,0,0,64,1048576,1048576,67108864,0,0,0,0,0,0,0,0,1185,8192,4194304,139804672,1185,299,131819,6014504,1185,299,131819,6014504,1189,2,17,11673,1468350464,16383,0,0,0,2,1,28.80337552742616,23244588,185956704,70.01640625,634,5075.530801687763,191449137,17.94888397411036,5075.530801687763,9.817493692178301,0.6365101337432861
257,16,4,2000,0,0,0,0,169,1048576,1048576,177209344,0,0,0,0,0,0,0,0,688,8192,4194304,154259456,688,303,66603,3982556,688,303,66603,3982556,684,2,12,5266,1443434496,12287,0,0,5,1,0,54.73982558139535,38733782,154935128,68.8283203125,1447,5788.5988372093025,243467535,13.735525854194917,5788.5988372093025,7.6988304093567255,0.6381981372833252
258,16,32,2000,0,0,0,0,168,1048576,1048576,176160768,0,0,0,0,0,0,0,0,423,65536,4194304,150994944,423,898,149617,19162090,423,898,149617,19162090,450,5,38,12609,1418448896,28671,0,0,3,7,1,87.14893617021276,7879878,252156096,67.6369140625,1415,45300.44917257683,237844559,18.551211947443296,45300.44917257683,28.02,0.6346361637115479
259,64,4,2000,0,0,0,0,187,1048576,1048576,196083712,0,0,0,0,0,0,0,0,278,65536,4194304,155975680,278,2254,127649,9284286,278,2254,127649,9284286,248,4,37,4378,1421873152,20479,0,0,5,7,0,136.97841726618705,16799965,67199860,67.8001953125,8349,33396.712230215824,246166796,13.811075334656476,33396.712230215824,17.653225806451612,0.6406636238098145
260,4,256,2000,0,0,0,0,88,1048576,1048576,92274688,0,0,0,0,0,0,0,0,396,32768,4194304,157483008,395,3732,488590,82497626,395,3732,488590,82497626,647,5,266,128577,1351024640,151551,0,0,8,2,1,97.0909090909091,1908939,488688384,64.421875,815,208854.7493670886,247688896,10.824473468320937,208854.7493670886,198.72797527047913,0.6373283863067627
261,128,8,2000,0,0,0,0,175,1048576,1048576,183500800,0,0,0,0,0,0,0,0,431,32768,4194304,151552000,431,20795,432787,142934377,431,20795,432787,142934377,182,5,262,34759,1346633728,598015,0,0,9,3,0,85.84686774941996,1060290,8482320,64.21249999999999,41454,331634.28538283065,237323950,20.22735438848037,331634.28538283065,190.9835164835165,0.6385161876678467
262,256,4,2000,0,0,0,0,196,1048576,1048576,205520896,0,0,0,0,0,0,0,0,82,524288,4194304,147849216,82,17824,99472,3885486,82,17824,99472,3885486,79,4,10,486,1369092096,4362239,0,0,5,5,0,440.1951219512195,38051666,152206664,65.2833984375,11845,47383.9756097561,242657561,17.497543929493915,47383.9756097561,6.151898734177215,0.6334018707275391
263,128,8,2000,0,0,0,0,201,1048576,1048576,210763776,0,0,0,0,0,0,0,0,128,524288,4194304,153092096,128,15464,103587,6064720,128,15464,103587,6064720,132,5,11,1184,1395986432,28671,0,0,9,4,1,292.0,25243060,201944480,66.5658203125,5922,47380.625,244311941,18.090066468437616,47380.625,8.969696969696969,0.6337847709655762
264,4,16,2000,0,0,0,0,82,1048576,1048576,85983232,0,0,0,0,0,0,0,0,335,16384,4194304,169721856,334,1297,178014,10799066,334,1297,178014,10799066,343,8,23,5873,1328451584,4095,0,0,7,1,1,123.68955223880597,15716345,251461520,63.3455078125,2020,32332.532934131737,256659607,15.266547399886749,32332.532934131737,17.122448979591837,0.6331498622894287
265,64,1,2000,0,0,0,0,218,1048576,1048576,228589568,0,0,0,0,0,0,0,0,618,16384,4194304,154025984,618,502,126956,4369320,618,502,126956,4369320,604,2,23,4339,1355546624,253951,0,0,3,3,0,60.84789644012945,35251705,35251705,64.6375,7070,7070.097087378641,235726143,16.174359702776147,7070.097087378641,7.183774834437086,0.6415379047393799
266,4,16,2000,0,0,0,0,105,1048576,1048576,110100480,0,0,0,0,0,0,0,0,1832,16384,1048576,158072832,1831,492,26654,10051849,1831,492,26654,10051849,1847,2,25,31545,1298812928,28671,0,0,8,1,1,21.065502183406114,15725746,251611936,61.932226562500006,343,5489.813762971054,247536327,15.258862465210836,5489.813762971054,17.079047103410936,0.6383523941040039
267,1024,8,2000,0,0,0,0,216,1048576,1048576,226492416,0,0,0,0,0,0,0,0,416,16384,4194304,156106752,415,448,199523,6730115,415,448,199523,6730115,410,8,26,7090,1321205760,13561855,0,0,9,8,0,91.61538461538461,23195257,185562056,63.0,2027,16217.144578313253,248853090,10.236314033958218,16217.144578313253,17.29268292682927,0.6381025314331055
268,64,128,2000,0,0,0,0,287,1048576,1048576,300941312,0,0,0,0,0,0,0,0,300,65536,4194304,150994944,300,161130,323340,63492871,300,161130,323340,63492871,421,9,132,46445,1400705024,28671,0,0,0,2,0,122.88,2378140,304401920,66.7908203125,1653,211642.90333333332,232272149,15.612255013653954,211642.90333333332,110.3206650831354,0.6355373859405518
269,32,8,2000,0,0,0,0,222,1048576,1048576,232783872,0,0,0,0,0,0,0,0,629,131072,1048576,142606336,629,1323,234410,41318918,629,1323,234410,41318918,511,3,130,13410,1450913792,303103,0,0,8,2,1,55.351351351351354,3451356,27610848,69.1849609375,8211,65689.85373608903,228785716,45.22329362227623,65689.85373608903,26.2426614481409,0.6312460899353027
270,1024,128,2000,0,0,0,0,73,1048576,1048576,76546048,0,0,0,0,0,0,0,0,149,131072,4194304,162529280,149,3488,533193,10740303,149,3488,533193,10740303,268,9,131,13903,1367343104,158507007,0,0,9,8,0,266.30872483221475,15132653,1936979584,65.2,563,72082.57046979865,273105114,5.217604324490189,72082.57046979865,51.87686567164179,0.6244215965270996
271,128,16,2000,0,0,0,0,8,1048576,1048576,8388608,0,0,0,0,0,0,0,0,40,4194304,4194304,167772160,40,570311,1254239,35967753,40,570311,1254239,35967753,7,129,129,903,1195376640,375267327,0,0,6,6,1,1024.0,4664516,74632256,56.99999999999999,56199,899193.825,294539064,6.807123796329941,899193.825,129.0,0.6217198371887207
272,16,16,2000,0,0,0,0,0,0,0,0,0,0,0,0,0,0,0,0,41,4194304,4194304,171966464,41,1204908,1886287,63814839,41,1204908,1886287,63814839,0,0,0,0,1010827264,605315071,0,0,2,6,1,1024.0,2694772,43116352,48.199999999999996,97278,1556459.487804878,252237073,0,1556459.487804878,0,0.6152515411376953
273,1024,8,2000,0,0,0,0,17,1048576,1048576,17825792,0,0,0,0,0,0,0,0,39,4194304,4194304,163577856,39,1609772,2637891,81067507,39,1609772,2637891,81067507,0,0,0,0,850395136,810721279,0,0,0,6,1,1024.0,2017798,16142384,40.550000000000004,259831,2078654.0256410257,250135896,0,2078654.0256410257,0,0.6204197406768799
274,128,4,2000,0,0,0,0,976,1048576,1048576,1023410176,0,0,0,0,0,0,0,0,123,524288,4194304,175636480,123,6716,2779398,23098675,123,6716,2779398,23098675,120,5,10,702,1490026496,198590463,0,0,5,4,1,348.6178861788618,7603746,30414984,71.05,46948,187794.1056910569,288365508,92.0823566462559,187794.1056910569,5.85,0.6338350772857666
275,32,128,2000,0,0,0,0,292,1048576,1048576,306184192,0,0,0,0,0,0,0,0,356,131072,4194304,172752896,359,6697,370012,63857227,359,6697,370012,63857227,479,5,132,51011,1697533952,28671,0,0,0,4,1,118.47191011235955,2705299,346278272,80.94472656250001,1389,177875.28412256268,259575511,14.098467004433202,177875.28412256268,106.49478079331942,0.6380155086517334
276,512,16,2000,0,0,0,0,298,1048576,1048576,312475648,0,0,0,0,0,0,0,0,220,131072,4194304,180355072,220,71461,261342,42066283,220,71461,261342,42066283,109,12,131,7646,1743589376,28671,0,0,8,5,0,200.14545454545456,4287402,68598432,83.1408203125,11950,191210.37727272726,294456462,13.61939862049297,191210.37727272726,70.14678899082568,0.6347744464874268
277,1024,32,2000,0,0,0,0,71,1048576,1048576,74448896,0,0,0,0,0,0,0,0,51,1703936,4194304,181534720,51,153430,453335,14210954,51,153430,453335,14210954,66,17,34,1932,1619918848,150142975,0,0,3,8,0,869.0196078431372,12774281,408776992,77.24375,8707,278646.1568627451,289573385,10.953686206471287,278646.1568627451,29.272727272727273,0.6411323547363281
278,2,8,2000,0,0,0,0,116,1048576,1048576,121634816,0,0,0,0,0,0,0,0,73,131072,4194304,175636480,73,3063,559315,21678845,73,3063,559315,21678845,50,9,33,648,1520340992,4095,0,0,0,9,1,587.3972602739726,8101745,64813960,72.49550781250001,37121,296970.4794520548,262954432,39.010036982333695,296970.4794520548,12.96,0.6273252964019775
279,256,256,2000,0,0,0,0,67,1048576,1048576,70254592,0,0,0,0,0,0,0,0,168,131072,4194304,184680448,168,2881,523059,32876984,168,2881,523059,32876984,416,9,258,60716,1385168896,118587391,0,0,7,6,0,268.3809523809524,5617317,1438033152,66.05,764,195696.33333333334,304224016,4.995985591576199,195696.33333333334,145.95192307692307,0.6323480606079102
280,1,16,2000,0,0,0,0,16,1048576,1048576,16777216,0,0,0,0,0,0,0,0,96,1048576,4194304,144703488,96,582042,1091628,78382458,96,582042,1091628,78382458,19,256,257,4882,1239416832,206929919,0,0,0,8,1,368.0,1846120,29537920,59.099999999999994,51030,816483.9375,219461439,8.63486699839027,816483.9375,256.94736842105266,0.6242940425872803
281,32,32,2000,0,0,0,0,2,1048576,1048576,2097152,0,0,0,0,0,0,0,0,150,1048576,4194304,220200960,150,1083488,1500720,203459878,150,1083488,1500720,203459878,3,33,33,99,1021313024,441425919,0,0,3,6,1,358.4,1082281,34632992,48.699999999999996,42387,1356399.1866666668,367263292,114.68472560425687,1356399.1866666668,33.0,0.6115639209747314
282,64,64,2000,0,0,0,0,587,1048576,1048576,615514112,0,0,0,0,0,0,0,0,378,131072,4194304,203423744,378,63838,1921119,71353360,378,63838,1921119,71353360,411,33,67,25837,1287651328,148766719,0,0,6,6,0,131.3862433862434,2850934,182459776,61.4,2949,188765.50264550265,322245068,22.854539240157067,188765.50264550265,62.86374695863747,0.6276237964630127
283,64,8,2000,0,0,0,0,343,1048576,1048576,359661568,0,0,0,0,0,0,0,0,354,262144,4194304,196345856,354,5362,161117,19649304,354,5362,161117,19649304,298,8,68,6521,1421840384,28671,0,0,9,5,1,135.41242937853107,9992509,79940072,67.7986328125,6938,55506.50847457627,310767519,18.73214211495816,55506.50847457627,21.88255033557047,0.6374821662902832
284,4,4,2000,0,0,0,0,107,1048576,1048576,112197632,0,0,0,0,0,0,0,0,687,16384,4194304,195461120,687,332,42144,4234557,687,332,42144,4234557,683,3,11,4209,1335050240,1531903,0,0,4,2,1,69.46142649199417,46158575,184634300,63.66015625,1540,6163.838427947599,302701018,14.399563457899761,6163.838427947599,6.162518301610541,0.6329920291900635
285,8,16,2000,0,0,0,0,193,1048576,1048576,202375168,0,0,0,0,0,0,0,0,966,16384,4194304,191119360,966,332,49902,10297491,966,332,49902,10297491,977,2,24,15616,1307721728,1929215,0,0,7,8,0,48.302277432712216,18559798,296956768,62.35703124999999,666,10659.92857142857,299325134,13.807385485415509,10659.92857142857,15.983623336745138,0.6393256187438965
286,128,256,2000,0,0,0,0,47,1048576,1048576,49283072,0,0,0,0,0,0,0,0,326,32768,4194304,191102976,326,1183,543292,58886113,326,1183,543292,58886113,566,17,259,88296,1167519744,193056767,0,0,7,9,0,143.11656441717793,3245297,830796032,55.671679687499996,705,180632.24846625768,305268179,8.090601065957934,180632.24846625768,156.0,0.6349220275878906
287,2,32,2000,0,0,0,0,0,0,0,0,0,0,0,0,0,0,0,0,224,524288,4194304,191365120,224,585755,772631,157949357,224,585755,772631,157949357,31,255,257,7962,966717440,448491519,0,0,4,5,1,208.57142857142858,1211559,38769888,46.0966796875,22035,705131.0580357143,299603224,13.162989920766623,705131.0580357143,256.83870967741933,0.6364381313323975
288,256,1,2000,0,0,0,0,877,1048576,1048576,919601152,0,0,0,0,0,0,0,0,143,8192,4194304,182452224,143,5384,1522265,52680687,143,5384,1522265,52680687,94,2,33,722,1487859712,2134015,0,0,3,9,0,311.4965034965035,3463360,3463360,70.94667968750001,368396,368396.4125874126,290983830,153.97594292524357,368396.4125874126,7.680851063829787,0.6284289360046387
289,16,1,2000,0,0,0,0,175,1048576,1048576,183500800,0,0,0,0,0,0,0,0,374,65536,4194304,168960000,374,726,35648,1514205,374,726,35648,1514205,374,2,4,917,1501515776,28671,0,0,0,9,1,110.29411764705883,111583306,111583306,71.5978515625,4048,4048.676470588235,258812915,14.971419847328244,4048.676470588235,2.4518716577540105,0.6380374431610107
290,1024,1,2000,0,0,0,0,258,1048576,1048576,270532608,0,0,0,0,0,0,0,0,149,65536,4194304,185004032,148,682,49005,1476318,148,682,49005,1476318,149,2,4,375,1527300096,5111807,0,0,2,6,0,303.13422818791946,125314486,125314486,72.82734375,9975,9975.121621621622,293829146,13.074895395406479,9975.121621621622,2.5167785234899327,0.63808274269104
291,1024,8,2000,0,0,0,0,253,1048576,1048576,265289728,0,0,0,0,0,0,0,0,43,4194304,4194304,180355072,43,25076,170866,4921209,43,25076,170866,4921209,49,2,10,391,1563426816,12009471,0,0,9,0,1,1024.0,36648529,293188232,74.55000000000001,14305,114446.72093023256,336866994,14.006277287757241,114446.72093023256,7.979591836734694,0.6400761604309082
292,1024,256,2000,0,0,0,0,32,1048576,1048576,33554432,0,0,0,0,0,0,0,0,46,4194304,4194304,192937984,46,128420,534243,11966956,46,128420,534243,11966956,261,9,247,32805,1400897536,207011839,0,0,4,0,1,1024.0,16122561,4127375616,66.8,1016,260151.21739130435,272422985,2.0212794989786484,260151.21739130435,125.6896551724138,0.6312479972839355
293,32,256,2000,0,0,0,0,0,0,0,0,0,0,0,0,0,0,0,0,47,4194304,4194304,197132288,47,589187,1248459,42756520,47,589187,1248459,42756520,0,0,0,0,1191182336,476495871,0,0,4,0,1,1024.0,4610578,1180307968,56.8,3553,909713.1914893617,308804056,0,909713.1914893617,0,0.6383733749389648
294,8,256,2000,0,0,0,0,0,0,0,0,0,0,0,0,0,0,0,0,44,3932160,4194304,184287232,44,1298392,1915496,70759710,44,1298392,1915496,70759710,0,0,0,0,994312192,733503487,0,0,7,0,1,1022.5454545454545,2604409,666728704,47.4125,6281,1608175.2272727273,325463357,0,1608175.2272727273,0,0.6047637462615967
295,16,2,2000,0,0,0,0,14,1048576,1048576,14680064,0,0,0,0,0,0,0,0,48,3801088,4194304,200933376,48,1879503,2632588,113007490,48,1879503,2632588,113007490,0,0,0,0,792330240,997974015,0,0,6,6,1,1022.0,1778053,3556106,37.78125,1177161,2354322.7083333335,319071561,0,2354322.7083333335,0,0.6165752410888672
296,1024,16,2000,0,0,0,0,22,1048576,1048576,23068672,0,0,0,0,0,0,0,0,44,4194304,4194304,184549376,44,2605630,3290524,130165906,44,2605630,3290524,130165906,0,0,0,0,621412352,1222950911,0,0,0,2,1,1024.0,1417801,22684816,29.631249999999998,184894,2958316.0454545454,262239735,0,2958316.0454545454,0,0.6079654693603516
297,2,32,2000,0,0,0,0,93,1048576,1048576,97517568,0,0,0,0,0,0,0,0,45,2097152,4194304,185597952,46,287838,3860856,108539705,46,287838,3860856,108539705,50,23,34,1594,511705088,1097703423,0,0,3,0,1,1006.9333333333333,1709954,54718528,24.4,73736,2359558.804347826,315378843,73.50413557846983,2359558.804347826,31.88,0.6277248859405518
298,16,64,2000,0,0,0,0,17,1048576,1048576,17825792,0,0,0,0,0,0,0,0,97,65536,4194304,214564864,97,225438,497273,34802794,97,225438,497273,34802794,130,33,67,7379,297140224,1313644543,0,0,5,8,1,540.0412371134021,6165162,394570368,14.16875,5606,358791.6907216495,332777555,11.704727173226734,358791.6907216495,56.761538461538464,0.6408236026763916
299,2,32,2000,0,0,0,0,410,1048576,1048576,429916160,0,0,0,0,0,0,0,0,5337,8192,4194304,203636736,5339,442,690308,46615773,5336,499,690308,46614357,5307,22,65,176889,477212672,87453695,0,0,5,6,1,9.315345699831365,4368408,139789056,22.7552734375,272,8735.824025487256,305623241,28.120449189192982,8731.180558156959,33.33126059920859,0.6307356357574463
300,1024,16,2000,0,0,0,0,502,1048576,1048576,526385152,0,0,0,0,0,0,0,0,3031,8192,4194304,203055104,3031,559,178847,12166993,3031,559,178847,12166993,3016,15,37,98709,764829696,225005567,0,0,8,6,0,16.355658198614318,16689012,267024192,36.469921875,250,4014.184427581656,326606971,7.499009102662016,4014.184427581656,32.72844827586207,0.6227676868438721
301,1,32,2000,0,0,0,0,177,1048576,1048576,185597952,0,0,0,0,0,0,0,0,13770,8192,2097152,181739520,13770,379,116080,20869969,13770,379,116080,20869969,13788,11,39,459094,784707584,16383,0,0,4,4,1,3.2222222222222223,8708183,278661856,37.4177734375,47,1515.6114015976761,291173135,14.126417356573121,1515.6114015976761,33.2966347548593,0.6225037574768066
302,8,8,2000,0,0,0,0,626,1048576,1048576,656408576,0,0,0,0,0,0,0,0,7886,8192,4194304,194404352,7886,386,37320,8297396,7886,386,37320,8297396,7862,8,39,145259,1118871552,47087615,0,0,9,4,0,6.018513821962973,23429561,187436488,53.351953124999994,131,1052.1678924676642,302605498,9.462061622365235,1052.1678924676642,18.476087509539557,0.642993688583374
303,256,128,2000,0,0,0,0,99,1048576,1048576,103809024,0,0,0,0,0,0,0,0,650,32768,4194304,136478720,649,647,455379,19582158,649,647,455379,19582158,771,2,130,26399,1156472832,306364415,0,0,9,6,0,51.261538461538464,6969544,892101632,55.144921874999994,235,30172.816640986133,227084353,17.19060334421681,30172.816640986133,34.239948119325554,0.608349084854126
304,1024,1,2000,0,0,0,0,71,1048576,1048576,74448896,0,0,0,0,0,0,0,0,91,1048576,4194304,207618048,91,268997,1198565,61143408,91,268997,1198565,61143408,11,129,129,1419,1001283584,548036607,0,0,9,4,0,557.010989010989,3395591,3395591,47.744921875,671905,671905.5824175824,358445864,9.350929351656097,671905.5824175824,129.0,0.6312305927276611
305,8,8,2000,0,0,0,0,584,1048576,1048576,612368384,0,0,0,0,0,0,0,0,587,32768,4194304,203816960,587,567,1304438,44849293,587,567,1304438,44849293,563,3,16,5552,1290874880,28671,0,0,9,2,1,84.77001703577513,4544485,36355880,61.55371093749999,9550,76404.24701873935,297750399,91.39746850806058,76404.24701873935,9.86145648312611,0.6260554790496826
306,512,4,2000,0,0,0,0,308,1048576,1048576,322961408,0,0,0,0,0,0,0,0,136,32768,4194304,208470016,136,677,82874,3968562,136,677,82874,3968562,131,4,13,1092,1336762368,1966079,0,0,5,8,0,374.2352941176471,52530366,210121464,63.741796875,7295,29180.602941176472,334631073,9.354017436116226,29180.602941176472,8.335877862595419,0.6365499496459961
307,4,64,2000,0,0,0,0,132,1048576,1048576,138412032,0,0,0,0,0,0,0,0,839,32768,4194304,208633856,839,3760,101594,35130396,839,3760,101594,35130396,900,5,70,56227,1267916800,6361087,0,0,6,9,1,60.7103694874851,5938841,380085824,60.458984375,654,41871.747318236,317880698,11.039662731096117,41871.747318236,62.474444444444444,0.6369104385375977
308,1024,16,2000,0,0,0,0,306,1048576,1048576,320864256,0,0,0,0,0,0,0,0,246,32768,4194304,210591744,246,28803,246949,17542375,246,28803,246949,17542375,197,12,68,10132,1306849280,28671,0,0,7,7,0,209.0,12004745,192075920,62.3154296875,4456,71310.4674796748,336175768,6.634039337914616,71310.4674796748,51.431472081218274,0.6398205757141113
309,1,256,2000,0,0,0,0,61,1048576,1048576,63963136,0,0,0,0,0,0,0,0,2851,32768,4194304,193298432,2851,1890,403545,150914094,2851,1890,403545,150914094,3089,17,265,749045,1196130304,8191,0,0,7,0,1,16.55278849526482,1280850,327897600,57.0359375,206,52933.74044195019,297814161,13.187771588505072,52933.74044195019,242.4878601489155,0.6305294036865234
310,64,16,2000,0,0,0,0,290,1048576,1048576,304087040,0,0,0,0,0,0,0,0,1468,32768,4194304,187072512,1467,5744,172478,46870095,1467,5744,172478,46870095,1226,10,264,265955,1226506240,4521983,0,0,8,9,0,31.111716621253407,3991297,63860752,58.484375,1996,31949.621676891617,296205355,4.733954246353958,31949.621676891617,216.92903752039152,0.6334030628204346
311,16,2,2000,0,0,0,0,224,1048576,1048576,234881024,0,0,0,0,0,0,0,0,401,65536,4194304,176095232,401,666,164153,5176415,401,666,164153,5176415,385,2,19,1547,1265782784,28671,0,0,4,9,1,107.21197007481297,34018762,68037524,60.3572265625,6454,12908.765586034913,278232073,29.9648324554121,12908.765586034913,4.0181818181818185,0.6355569362640381
312,1,32,2000,0,0,0,0,48,1048576,1048576,50331648,0,0,0,0,0,0,0,0,956,4096,4194304,187252736,957,344,194314,19506232,956,344,194314,19504450,979,2,40,30599,1137881088,98303,0,0,4,1,1,47.82008368200837,9599636,307188352,54.2583984375,637,20402.144351464434,290930996,13.637242833323132,20382.687565308253,31.255362614913178,0.6402881145477295
313,16,8,2000,0,0,0,0,204,1048576,1048576,213909504,0,0,0,0,0,0,0,0,1058,4096,4194304,178655232,1059,454,71085,9786496,1059,454,71085,9786496,1032,4,39,26203,1122500608,2760703,0,0,9,6,0,41.225897920604915,18255280,146042240,53.525,1155,9241.261567516525,279287046,8.82855891882904,9241.261567516525,25.390503875968992,0.6423194408416748
314,64,64,2000,0,0,0,0,292,1048576,1048576,306184192,0,0,0,0,0,0,0,0,253,53248,4194304,192872448,252,826,382133,33600437,252,826,382133,33600437,305,8,70,13739,1202978816,41721855,0,0,4,8,0,186.1185770750988,5740176,367371264,57.362500000000004,2083,133335.06746031746,300911816,15.903744032162985,133335.06746031746,45.045901639344265,0.6460433006286621
315,32,256,2000,0,0,0,0,4,1048576,1048576,4194304,0,0,0,0,0,0,0,0,141,4096,4194304,191922176,140,173405,542704,48313838,140,173405,542704,48313838,335,61,258,61444,1008730112,357449727,0,0,7,0,0,332.31205673758865,3972405,1016935680,48.1,1348,345098.84285714285,317060387,5.661906996128924,345098.84285714285,183.41492537313434,0.6257510185241699
316,16,256,2000,0,0,0,0,71,1048576,1048576,74448896,0,0,0,0,0,0,0,0,481,16384,4194304,190971904,481,242206,982739,255659291,481,242206,982739,255659291,481,251,260,123376,882900992,509771775,0,0,7,0,1,96.93139293139293,746978,191226368,42.1,2076,531516.1975051975,296002827,21.377968888025205,531516.1975051975,256.4989604989605,0.6223692893981934
317,8,128,2000,0,0,0,0,530,1048576,1048576,555745280,0,0,0,0,0,0,0,0,1610,32768,262144,190316544,1610,20077,282881,139478433,1610,20077,282881,139478433,1482,117,258,204670,1131843584,28671,0,0,0,4,1,28.859627329192545,1364487,174654336,53.9705078125,676,86632.56708074534,296139722,21.736242916308132,86632.56708074534,138.1039136302294,0.6332731246948242
318,32,32,2000,0,0,0,0,283,1048576,1048576,296747008,0,0,0,0,0,0,0,0,1428,65536,262144,194314240,1428,14634,50225,37857693,1428,14634,50225,37857693,1330,30,133,79815,1189449728,180223,0,0,4,5,0,33.221288515406165,5132754,164248128,56.71738281249999,828,26510.98949579832,306096700,13.297701738917958,26510.98949579832,60.01127819548872,0.6365914344787598
319,256,8,2000,0,0,0,0,301,1048576,1048576,315621376,0,0,0,0,0,0,0,0,380,131072,1048576,191234048,380,15568,58586,9620538,380,15568,58586,9620538,357,9,37,8427,1281753088,1138687,0,0,9,9,0,122.86315789473684,19877687,159021496,61.11875,3164,25317.205263157895,302991453,8.729498834403566,25317.205263157895,23.605042016806724,0.6443052291870117
320,4,8,2000,0,0,0,0,153,1048576,1048576,160432128,0,0,0,0,0,0,0,0,2467,16384,1048576,189726720,2467,337,38303,6554670,2467,337,38303,6554670,2466,5,13,23564,1246547968,20479,0,0,9,3,1,18.77584110255371,28945274,231562192,59.440039062500006,332,2656.9396027563844,288691885,14.809020665140379,2656.9396027563844,9.555555555555555,0.6439032554626465
321,64,32,2000,0,0,0,0,346,1048576,1048576,362807296,0,0,0,0,0,0,0,0,1066,16384,262144,192741376,1066,335,47892,20050357,1066,335,47892,20050357,1091,4,35,25782,1329811456,151551,0,0,3,7,0,44.14258911819888,9612865,307611680,63.4103515625,587,18808.965290806755,300987639,18.03081050035409,18808.965290806755,23.63153070577452,0.6398656368255615
322,1,128,2000,0,0,0,0,59,1048576,1048576,61865984,0,0,0,0,0,0,0,0,4951,32768,262144,195952640,4951,10198,34249,80423592,4951,10198,34249,80423592,5048,33,136,641996,1229090816,28671,0,0,9,5,1,9.662694405170672,2436506,311872768,58.607617187500004,126,16243.908705312058,304232665,13.218413073808001,16243.908705312058,127.1782884310618,0.6434760093688965
323,4,128,2000,0,0,0,0,131,1048576,1048576,137363456,0,0,0,0,0,0,0,0,4560,16384,1048576,176488448,4561,677,87565,90972749,4561,677,87565,90972749,4558,66,135,587438,1145712640,3936255,0,0,0,8,1,9.449122807017543,1940014,248321792,54.63183593749999,155,19945.790177592633,273045093,16.378421252186328,19945.790177592633,128.88064940763493,0.645066499710083
324,4,16,2000,0,0,0,0,106,1048576,1048576,111149056,0,0,0,0,0,0,0,0,2556,16384,1048576,161120256,2556,406,64139,28554656,2556,406,64139,28554656,2445,8,135,89106,1081217024,4095,0,0,8,1,1,15.389671361502348,5642521,90280336,51.556445312499996,698,11171.618153364632,253309461,19.918592751177183,11171.618153364632,36.4441717791411,0.6380517482757568
325,8,32,2000,0,0,0,0,162,1048576,1048576,169869312,0,0,0,0,0,0,0,0,2099,16384,1048576,163106816,2098,475,44066,21598126,2098,475,44066,21598126,2116,10,38,59559,1059500032,1126399,0,0,4,0,0,18.971414959504525,7551896,241660672,50.520898437499994,321,10294.626310772164,254406786,19.278761436960615,10294.626310772164,28.14697542533081,0.6403656005859375
326,128,16,2000,0,0,0,0,266,1048576,1048576,278921216,0,0,0,0,0,0,0,0,496,32768,1048576,162398208,496,4021,55419,13710292,496,4021,55419,13710292,479,17,37,12417,1144500224,4378623,0,0,8,5,0,79.93548387096774,11844985,189519760,54.574023437499996,1727,27641.717741935485,258345953,13.339644383175633,27641.717741935485,25.92275574112735,0.6375432014465332
327,4,64,2000,0,0,0,0,122,1048576,1048576,127926272,0,0,0,0,0,0,0,0,2401,16384,1048576,165920768,2401,2537,71733,40487433,2401,2537,71733,40487433,2446,17,72,156107,1117798400,131071,0,0,6,4,1,16.871303623490213,4098080,262277120,53.30078124999999,263,16862.737609329448,255278237,15.660784590562864,16862.737609329448,63.82134096484056,0.6413240432739258
328,8,32,2000,0,0,0,0,159,1048576,1048576,166723584,0,0,0,0,0,0,0,0,1970,16384,1048576,163708928,1970,2047,49653,28139730,1970,2047,49653,28139730,1937,15,71,82250,1091252224,28671,0,0,3,4,0,20.288324873096446,5817714,186166848,52.034960937499996,446,14284.126903553299,255668653,16.58063746133685,14284.126903553299,42.46257098606092,0.6396701335906982
329,32,4,2000,0,0,0,0,227,1048576,1048576,238026752,0,0,0,0,0,0,0,0,928,32768,1048576,152174592,933,1604,42059,7340881,933,1604,42059,7340881,900,5,38,12518,1147252736,274431,0,0,5,5,0,40.03448275862069,20729745,82918980,54.705273437500004,1967,7868.039657020365,239131481,14.129925778419578,7868.039657020365,13.908888888888889,0.6387498378753662
330,1,32,2000,0,0,0,0,52,1048576,1048576,54525952,0,0,0,0,0,0,0,0,4386,4096,1048576,187858944,4387,508,41098,19899762,4386,508,41098,19894951,4412,5,41,144545,1036480512,77823,0,0,3,3,1,10.456908344733241,9440260,302088320,49.4232421875,141,4536.012539899681,292939754,13.24065216779372,4536.075222247549,32.76178603807797,0.6389284133911133
331,64,32,2000,0,0,0,0,300,1048576,1048576,314572800,0,0,0,0,0,0,0,0,1363,16384,524288,193069056,1363,1506,43478,22889189,1363,1506,43478,22889189,1362,26,39,45908,1083871232,311295,0,0,4,5,0,34.58253851797505,8434945,269918240,51.6830078125,524,16793.24211298606,301234276,14.406763093951117,16793.24211298606,33.70631424375918,0.642380952835083
332,32,256,2000,0,0,0,0,179,1048576,1048576,187695104,0,0,0,0,0,0,0,0,1081,98304,524288,191070208,1081,31415,180248,137959670,1081,31415,180248,137959670,1306,33,261,287290,1057554432,130334719,0,0,7,9,1,43.15263644773358,1384971,354552576,50.428125,498,127622.2664199815,299917746,13.44441117172766,127622.2664199815,219.9770290964778,0.6393115520477295
333,2,4,2000,0,0,0,0,77,1048576,1048576,80740352,0,0,0,0,0,0,0,0,2800,8192,524288,164102144,2800,285,153378,67594957,2800,285,153378,67594957,2548,4,260,66870,1103826944,28671,0,0,6,2,1,14.308571428571428,2427727,9710908,52.634570312499996,6035,24141.05607142857,255266928,64.28772974605967,24141.05607142857,26.244113029827314,0.6393954753875732
334,16,4,2000,0,0,0,0,255,1048576,1048576,267386880,0,0,0,0,0,0,0,0,2431,8192,524288,179142656,2431,296,12388,3494524,2431,296,12388,3494524,2432,4,8,13551,1128353792,180223,0,0,5,5,0,17.990950226244344,51263821,205055284,53.804101562499994,359,1437.4841628959275,278558225,14.339737190763204,1437.4841628959275,5.571957236842105,0.6431670188903809
335,256,32,2000,0,0,0,0,329,1048576,1048576,344981504,0,0,0,0,0,0,0,0,408,65536,1048576,189726720,408,727,136940,17736693,408,727,136940,17736693,436,3,35,7040,1242607616,13709311,0,0,2,3,0,113.52941176470588,10696848,342299136,59.2521484375,1358,43472.28676470588,296939800,23.714716019488932,43472.28676470588,16.146788990825687,0.6408312320709229
336,8,16,2000,0,0,0,0,284,1048576,1048576,297795584,0,0,0,0,0,0,0,0,491,262144,1048576,176427008,491,2341,135071,15082147,491,2341,135071,15082147,476,3,35,8753,1348509696,73727,0,0,8,7,1,87.72505091649694,11697738,187163808,64.301953125,1919,30717.20366598778,284749148,19.041803209119724,30717.20366598778,18.388655462184875,0.6264164447784424
337,256,64,2000,0,0,0,0,240,1048576,1048576,251658240,0,0,0,0,0,0,0,0,276,262144,1048576,190316544,276,12977,262261,31395743,276,12977,262261,31395743,325,11,67,14113,1350868992,61071359,0,0,5,2,0,168.34782608695653,6061858,387958912,64.41445312500001,1777,113752.6920289855,298100581,15.560308035347418,113752.6920289855,43.424615384615386,0.6403534412384033
338,256,256,2000,0,0,0,0,6,1048576,1048576,6291456,0,0,0,0,0,0,0,0,179,1048576,1048576,187695104,179,233675,546668,56971201,179,233675,546668,56971201,372,63,258,69699,1156882432,347758591,0,0,7,2,1,256.0,3294561,843407616,55.164453125,1243,318274.8659217877,299943743,6.635578193985533,318274.8659217877,187.36290322580646,0.6387443542480469
339,16,256,2000,0,0,0,0,57,1048576,1048576,59768832,0,0,0,0,0,0,0,0,176,1048576,1048576,184549376,176,593442,997232,152752038,176,593442,997232,152752038,176,257,258,45238,1011130368,562569215,0,0,7,8,1,256.0,1208163,309289728,48.214453125,3390,867909.3068181818,302407633,13.18996526012423,867909.3068181818,257.03409090909093,0.610266923904419
340,512,16,2000,0,0,0,0,473,1048576,1048576,495976448,0,0,0,0,0,0,0,0,314,65536,2097152,183500800,315,18795,2448931,214636121,315,18795,2448931,214636121,74,8,257,6985,1196728320,436617215,0,0,6,2,0,142.6751592356688,854939,13679024,57.064453125,42586,681384.5111111111,287840443,50.59518643322995,681384.5111111111,94.39189189189189,0.624190092086792
341,1024,16,2000,0,0,0,0,201,1048576,1048576,210763776,0,0,0,0,0,0,0,0,56,2097152,4194304,174063616,56,124521,303336,10041779,56,124521,303336,10041779,57,17,18,979,1281662976,417226751,0,0,7,8,0,758.8571428571429,17333942,277343072,61.114453125000004,11207,179317.48214285713,301752784,13.75798303819209,179317.48214285713,17.17543859649123,0.6373269557952881
342,8,128,2000,0,0,0,0,477,1048576,1048576,500170752,0,0,0,0,0,0,0,0,941,20480,4194304,163336192,942,18091,326182,75298771,942,18091,326182,75298771,1053,17,134,128410,1500139520,151551,0,0,9,1,1,42.377258235919236,2169174,277654272,71.5322265625,624,79935.00106157112,226570180,15.467981906460754,79935.00106157112,121.94681861348528,0.6317708492279053
343,64,2,2000,0,0,0,0,271,1048576,1048576,284164096,0,0,0,0,0,0,0,0,806,32768,1048576,184721408,805,1699,80333,22106996,805,1699,80333,22106996,690,3,134,34553,1528344576,872447,0,0,3,1,0,55.95285359801489,8355789,16711578,72.8771484375,13731,27462.106832298137,288960140,9.801102755746818,27462.106832298137,50.0768115942029,0.6362357139587402
344,256,4,2000,0,0,0,0,277,1048576,1048576,290455552,0,0,0,0,0,0,0,0,142,65536,4194304,182497280,142,1897,56815,3207010,142,1897,56815,3207010,143,3,6,668,1579667456,28671,0,0,5,1,0,313.7676056338028,56905740,227622960,75.3244140625,5646,22584.577464788734,298287695,15.408609220790828,22584.577464788734,4.671328671328672,0.631054162979126
345,2,16,2000,0,0,0,0,77,1048576,1048576,80740352,0,0,0,0,0,0,0,0,635,32768,4194304,192544768,634,741,114503,10810462,634,741,114503,10810462,648,5,25,11780,1469460480,12287,0,0,8,5,1,74.02834645669292,17810965,284975440,70.0693359375,1065,17051.20189274448,297157897,12.670293151753562,17051.20189274448,18.179012345679013,0.6344928741455078
346,16,256,2000,0,0,0,0,77,1048576,1048576,80740352,0,0,0,0,0,0,0,0,678,32768,4194304,191823872,678,1175,373700,91449121,678,1175,373700,91449121,919,14,262,163529,1333526528,124862463,0,0,7,8,0,69.07374631268436,2097602,536986112,63.5875,526,134880.70943952803,303321611,10.973813137533076,134880.70943952803,177.9423286180631,0.6309428215026855
347,1024,2,2000,0,0,0,0,459,1048576,1048576,481296384,0,0,0,0,0,0,0,0,375,65536,4194304,193003520,375,25543,592601,121658907,375,25543,592601,121658907,119,3,257,24320,1492668416,2109439,0,0,3,6,0,125.65333333333334,1586431,3172862,71.1759765625,162211,324423.752,301392136,12.6334515572293,324423.752,204.36974789915968,0.638925313949585
348,8,4,2000,0,0,0,0,152,1048576,1048576,159383552,0,0,0,0,0,0,0,0,491,32768,4194304,174424064,491,565,82905,3525670,491,565,82905,3525670,493,2,10,2748,1456762880,28671,0,0,5,1,1,86.72912423625255,49472600,197890400,69.4638671875,1795,7180.590631364562,274351947,14.853383626600776,7180.590631364562,5.574036511156186,0.6366138458251953
349,8,128,2000,0,0,0,0,132,1048576,1048576,138412032,0,0,0,0,0,0,0,0,1067,32768,4194304,183205888,1068,565,198582,69309784,1068,565,198582,69309784,1190,2,135,109036,1395425280,11231231,0,0,9,4,1,41.919400187441425,2643290,338341120,66.5390625,507,64896.80149812734,288243970,16.89605378344921,64896.80149812734,91.62689075630252,0.6347920894622803
350,4,4,2000,0,0,0,0,113,1048576,1048576,118489088,0,0,0,0,0,0,0,0,843,32768,4194304,187465728,842,557,193807,27818305,842,557,193807,27818305,718,3,132,14158,1299730432,20479,0,0,0,2,1,54.29181494661922,6738934,26955736,61.9759765625,8259,33038.36698337292,294301227,30.860769374180183,33038.36698337292,19.71866295264624,0.63173508644104
351,2,32,2000,0,0,0,0,85,1048576,1048576,89128960,0,0,0,0,0,0,0,0,1394,8192,4194304,211705856,1393,400,110084,19927620,1393,400,110084,19927620,1418,2,40,41475,1156734976,352255,0,0,2,2,1,37.07747489239598,10623740,339959680,55.157421875000004,447,14305.541995692749,331478567,13.191190835759546,14305.541995692749,29.248942172073342,0.6395876407623291
352,16,8,2000,0,0,0,0,189,1048576,1048576,198180864,0,0,0,0,0,0,0,0,687,16384,4194304,188973056,687,742,126069,9711527,687,742,126069,9711527,663,6,38,14914,1125847040,4095,0,0,0,7,0,67.15574963609897,19458634,155669072,53.6845703125,1767,14136.13828238719,297351045,9.357653786628797,14136.13828238719,22.4947209653092,0.63450026512146
353,32,16,2000,0,0,0,0,272,1048576,1048576,285212672,0,0,0,0,0,0,0,0,315,65536,4194304,191692800,315,887,136720,11118172,315,887,136720,11118172,322,7,21,5128,1158197248,3137535,0,0,7,3,0,148.57142857142858,17241395,275862320,55.2271484375,2205,35295.78412698413,310373766,14.917477465765298,35295.78412698413,15.925465838509316,0.6313440799713135
354,32,128,2000,0,0,0,0,256,1048576,1048576,268435456,0,0,0,0,0,0,0,0,357,131072,4194304,190971904,357,34466,369282,67949765,357,34466,369282,67949765,472,16,132,50354,1202192384,12869631,0,0,9,6,1,130.59943977591035,2810486,359742208,57.325,1486,190335.47619047618,302611816,13.66112458795162,190335.47619047618,106.6822033898305,0.6329114437103271
355,2,4,2000,0,0,0,0,82,1048576,1048576,85983232,0,0,0,0,0,0,0,0,873,8192,4194304,175734784,874,266,340105,46367767,873,266,340105,46367414,748,3,133,13264,1140666368,4095,0,0,6,1,1,49.1454753722795,3790020,15160080,54.3912109375,13278,53112.73081328751,270536838,60.876306257018626,53052.36498855835,17.732620320855617,0.6362466812133789
356,512,32,2000,0,0,0,0,230,1048576,1048576,241172480,0,0,0,0,0,0,0,0,243,8192,4194304,203685888,243,296,345538,11999125,243,296,345538,11999125,272,2,35,3420,1127219200,71057407,0,0,4,2,0,204.64197530864197,16975061,543201952,53.75,1543,49379.115226337446,327930066,19.190725029540815,49379.115226337446,12.573529411764707,0.6276671886444092
357,1,1,2000,0,0,0,0,65,1048576,1048576,68157440,0,0,0,0,0,0,0,0,796,4096,4194304,140623872,796,265,773387,16764818,796,265,773387,16764818,766,1,34,2401,1074065408,28671,0,0,3,9,1,43.130653266331656,8388034,8388034,51.215429687500006,21061,21061.329145728643,222293239,155.78884186620175,21061.329145728643,3.1344647519582245,0.6199064254760742
358,32,8,2000,0,0,0,0,307,1048576,1048576,321912832,0,0,0,0,0,0,0,0,1162,8192,2097152,174620672,1162,296,26025,5477504,1162,296,26025,5477504,1168,1,11,8776,1144242176,6053887,0,0,8,2,0,36.688468158347675,31879606,255036848,54.56171875,589,4713.858864027538,277298683,17.09988636505538,4713.858864027538,7.513698630136986,0.6321446895599365
359,16,2,2000,0,0,0,0,223,1048576,1048576,233832448,0,0,0,0,0,0,0,0,1068,4096,2097152,174325760,1069,305,42436,2868028,1068,305,42436,2866603,1061,3,11,4695,1200226304,1769471,0,0,2,8,1,39.850187265917604,60782447,121564894,57.23125,1342,2684.085205992509,273999584,15.214409542522045,2682.907390084191,4.42507068803016,0.6330301761627197
360,1,16,2000,0,0,0,0,49,1048576,1048576,51380224,0,0,0,0,0,0,0,0,3796,4096,2097152,176578560,3797,293,37741,10151039,3796,293,37741,10138813,3806,2,28,65555,1088356352,28671,0,0,6,0,1,11.356691253951528,17395121,278321936,51.896874999999994,166,2670.9201791359324,275047356,13.667246970961752,2673.436660521464,17.224119810825012,0.6418211460113525
361,1024,8,2000,0,0,0,0,264,1048576,1048576,276824064,0,0,0,0,0,0,0,0,844,4096,4194304,190164992,844,305,149518,6729364,844,305,149518,6729364,839,6,25,14355,1126944768,70250495,0,0,9,7,0,55.008293838862556,28258984,226071872,53.7369140625,996,7973.18009478673,299530157,8.471536043704736,7973.18009478673,17.109654350417163,0.6407158374786377
362,64,128,2000,0,0,0,0,385,1048576,1048576,403701760,0,0,0,0,0,0,0,0,370,262144,4194304,210771968,370,100419,266014,63845717,370,100419,266014,63845717,490,9,131,55067,1266397184,15757311,0,0,9,9,1,139.07567567567568,3301270,422562560,60.386523437499996,1348,172555.9918918919,347672311,11.04036746990102,172555.9918918919,112.38163265306123,0.6151511669158936
363,1,256,2000,0,0,0,0,63,1048576,1048576,66060288,0,0,0,0,0,0,0,0,3171,4096,2097152,180785152,3187,5050,259973,148714134,3187,5050,259973,148714134,3299,125,263,824319,1184808960,24575,0,0,5,6,1,13.918953011668243,1215655,311207680,56.49609375,182,46662.73423282083,277330178,13.416851706190098,46662.73423282083,249.86935434980296,0.634418249130249
364,1,16,2000,0,0,0,0,36,1048576,1048576,37748736,0,0,0,0,0,0,0,0,2382,4096,4194304,183488512,2382,297,143799,62092131,2382,297,143799,62092131,2146,7,263,91864,1018511360,16383,0,0,9,4,1,18.806465155331654,2955100,47281600,48.56640625,1629,26067.225440806047,291288156,32.379638819589864,26067.225440806047,42.80708294501398,0.6313223838806152
365,32,32,2000,0,0,0,0,295,1048576,1048576,309329920,0,0,0,0,0,0,0,0,1410,4096,4194304,185204736,1410,276,133298,20941278,1410,276,133298,20941278,1426,5,36,31085,1070538752,11714559,0,0,3,4,0,32.06808510638298,8844003,283008096,51.047265625,464,14851.970212765957,290589808,21.246123216357308,14851.970212765957,21.79873772791024,0.6363110542297363
366,512,8,2000,0,0,0,0,384,1048576,1048576,402653184,0,0,0,0,0,0,0,0,174,4096,4194304,208666624,173,16816,107345,9657617,173,16816,107345,9657617,150,4,35,3472,1217671168,4108287,0,0,9,2,0,292.7816091954023,21606429,172851432,58.063085937500006,6978,55824.37572254335,348404632,8.237427859469333,55824.37572254335,23.14666666666667,0.6287679672241211
367,8,256,2000,0,0,0,0,114,1048576,1048576,119537664,0,0,0,0,0,0,0,0,535,8192,4194304,197312512,535,57618,384211,102059394,535,57618,384211,102059394,784,9,262,166409,1148542976,102105087,0,0,7,6,1,90.0411214953271,1933310,494927360,54.766796875000004,745,190765.22242990654,304342063,9.981540183535104,190765.22242990654,212.25637755102042,0.6213438510894775
368,256,16,2000,0,0,0,0,472,1048576,1048576,494927872,0,0,0,0,0,0,0,0,715,8192,4194304,224370688,713,43834,324672,88884153,713,43834,324672,88884153,479,10,265,99618,1366310912,35921919,0,0,7,8,0,76.61258741258742,2524304,40388864,65.15078125,7791,124662.20617110799,353293244,7.824063628730435,124662.20617110799,207.97077244258872,0.6339936256408691
369,1,16,2000,0,0,0,0,77,1048576,1048576,80740352,0,0,0,0,0,0,0,0,8478,4096,4194304,169361408,8478,247,112053,12481386,8478,247,112053,12481386,8477,9,23,149406,1347297280,135167,0,0,6,0,1,4.877093654163718,13569118,217105888,64.244140625,92,1472.2087756546355,264327818,17.1270454925273,1472.2087756546355,17.624867287955645,0.6328680515289307
370,8,256,2000,0,0,0,0,137,1048576,1048576,143654912,0,0,0,0,0,0,0,0,1697,131072,131072,222429184,1697,6339,171067,137118384,1697,6339,171067,137118384,1938,17,264,394933,1223032832,42975231,0,0,5,2,1,32.0,1622168,415275008,58.318749999999994,315,80800.46199175014,349698408,12.390653552312337,80800.46199175014,203.78379772961816,0.6375913619995117
371,4,256,2000,0,0,0,0,142,1048576,1048576,148897792,0,0,0,0,0,0,0,0,2397,16384,2097152,220758016,2397,16949,164238,181647828,2397,16949,164238,181647828,2398,239,263,616114,1158352896,12287,0,0,8,0,1,22.48477263245724,1215307,311118592,55.2345703125,296,75781.32165206507,345400613,13.117823291849968,75781.32165206507,256.92827356130107,0.6393718719482422
372,1024,1,2000,0,0,0,0,404,1048576,1048576,423624704,0,0,0,0,0,0,0,0,671,16384,4194304,220692480,671,11926,131032,46007762,671,11926,131032,46007762,416,2,263,94440,1259802624,12287,0,0,2,8,0,80.29806259314456,4796853,4796853,60.0720703125,68565,68565.96423248883,348953140,3.7613251088666453,68565.96423248883,227.01923076923077,0.6322152614593506
373,16,1,2000,0,0,0,0,209,1048576,1048576,219152384,0,0,0,0,0,0,0,0,586,36864,4194304,160104448,586,671,45418,1575437,586,671,45418,1575437,586,1,5,1432,1296044032,28671,0,0,2,1,1,66.70307167235495,101625420,101625420,61.800195312499994,2688,2688.4590443686006,252785804,16.493475865658805,2688.4590443686006,2.4436860068259385,0.6329195499420166
374,1024,128,2000,0,0,0,0,39,1048576,1048576,40894464,0,0,0,0,0,0,0,0,136,65536,4194304,199098368,136,690,537172,12243410,136,690,537172,12243410,263,1,131,14137,1156972544,235995135,0,0,9,8,0,357.4117647058824,16261676,2081494528,55.16875,703,90025.07352941176,334801059,4.685901242883113,90025.07352941176,53.752851711026615,0.6323981285095215
375,256,256,2000,0,0,0,0,29,1048576,1048576,30408704,0,0,0,0,0,0,0,0,49,1048576,4194304,187318272,49,610016,1147174,42939562,49,610016,1147174,42939562,178,129,258,36181,982740992,506155007,0,0,7,0,1,933.3061224489796,4362370,1116766720,46.8607421875,3423,876317.5918367347,317205061,4.619307266644562,876317.5918367347,203.26404494382024,0.6333518028259277
376,1024,128,2000,0,0,0,0,0,0,0,0,0,0,0,0,0,0,0,0,112,1048576,4194304,236990464,112,800085,1966491,126639543,112,800085,1966491,126639543,0,0,0,0,745750528,900284415,0,0,5,0,1,516.5982142857143,1871378,239536384,35.560156250000006,8833,1130710.205357143,352080465,0,1130710.205357143,0,0.627159595489502
377,16,1,2000,0,0,0,0,73,1048576,1048576,76546048,0,0,0,0,0,0,0,0,77,65536,4194304,152862720,77,312461,2253610,122694677,77,312461,2253610,122694677,7,129,129,903,653844480,1089400831,0,0,3,6,1,484.6753246753247,1245878,1245878,31.177734375,1593437,1593437.3636363635,237748675,25.48557146655367,1593437.3636363635,129.0,0.6235091686248779
378,32,1,2000,0,0,0,0,625,1048576,1048576,655360000,0,0,0,0,0,0,0,0,128,131072,4194304,246079488,128,1084,2909215,153372504,128,1084,2909215,153372504,57,2,4,149,953024512,798949375,0,0,2,0,1,469.359375,1604456,1604456,45.44375,1198222,1198222.6875,402865061,976.6087897813379,1198222.6875,2.6140350877192984,0.6055843830108643
379,8,16,2000,0,0,0,0,599,1048576,1048576,628097024,0,0,0,0,0,0,0,0,225,65536,4194304,197459968,225,854,143554,9718618,225,854,143554,9718618,240,2,24,3739,1388834816,28671,0,0,7,7,1,214.2577777777778,20317700,325083200,66.22480468750001,2699,43193.857777777775,322724180,12.940205529981649,43193.857777777775,15.579166666666667,0.6189749240875244
380,512,32,2000,0,0,0,0,168,1048576,1048576,176160768,0,0,0,0,0,0,0,0,106,65536,4194304,196542464,106,1108,535437,13369258,106,1108,535437,13369258,121,17,34,3212,1326448640,64528383,0,0,3,6,0,452.6792452830189,14701074,470434368,63.24999999999999,3941,126125.07547169812,306025508,10.495924297825303,126125.07547169812,26.545454545454547,0.6403446197509766
381,512,16,2000,0,0,0,0,425,1048576,1048576,445644800,0,0,0,0,0,0,0,0,103,2097152,2097152,216006656,103,90999,562259,19356151,103,90999,562259,19356151,89,17,33,1793,1427173376,2519039,0,0,8,4,1,512.0,11159587,178553392,68.0529296875,11745,187923.79611650485,363448096,18.218874022205423,187923.79611650485,20.146067415730336,0.6251823902130127
382,256,64,2000,0,0,0,0,128,1048576,1048576,134217728,0,0,0,0,0,0,0,0,152,1048576,2097152,191889408,152,122473,459833,31603566,152,122473,459833,31603566,200,17,66,11091,1353711616,108756991,0,0,5,2,1,308.2105263157895,6071764,388592896,64.55,3248,207918.19736842104,284955491,12.164781830933661,207918.19736842104,55.455,0.6366760730743408
383,2,4,2000,0,0,0,0,76,1048576,1048576,79691776,0,0,0,0,0,0,0,0,759,131072,1048576,183894016,759,1484,607611,25708206,759,1484,607611,25708206,700,5,66,5683,1315377152,28671,0,0,5,3,1,59.15151515151515,7153125,28612500,62.7220703125,8467,33871.15415019763,287161957,70.53172505336283,33871.15415019763,8.118571428571428,0.6226217746734619
384,1024,4,2000,0,0,0,0,310,1048576,1048576,325058560,0,0,0,0,0,0,0,0,223,131072,4194304,187695104,223,1573,96970,3441462,223,1573,96970,3441462,224,4,7,1256,1381179392,1622015,0,0,5,0,0,205.48878923766816,54539351,218157404,65.859765625,3858,15432.565022421524,298142491,13.393940371134756,15432.565022421524,5.607142857142857,0.6396005153656006
385,16,128,2000,0,0,0,0,170,1048576,1048576,178257920,0,0,0,0,0,0,0,0,530,65536,4194304,196931584,529,62721,184377,65877042,529,62721,184377,65877042,654,5,134,74084,1362956288,69480447,0,0,9,7,1,90.71509433962264,2989381,382640768,64.99082031249999,972,124531.27032136107,306852924,12.11859263562914,124531.27032136107,113.2782874617737,0.6389617919921875
386,32,2,2000,0,0,0,0,218,1048576,1048576,228589568,0,0,0,0,0,0,0,0,369,65536,4194304,183566336,369,1007,239580,32127160,369,1007,239580,32127160,243,3,133,14987,1432289280,4497407,0,0,1,1,0,121.45257452574526,5713743,11427486,68.296875,43532,87065.47425474254,285564401,11.62333650010659,87065.47425474254,61.674897119341566,0.6328508853912354
387,32,2,2000,0,0,0,0,228,1048576,1048576,239075328,0,0,0,0,0,0,0,0,213,131072,4194304,175112192,213,974,59949,2224139,213,974,59949,2224139,213,3,6,771,1453527040,1191935,0,0,3,9,1,200.71361502347418,78732575,157465150,69.3095703125,5220,10441.967136150235,278342402,14.37244695312682,10441.967136150235,3.619718309859155,0.6361987590789795
388,32,32,2000,0,0,0,0,254,1048576,1048576,266338304,0,0,0,0,0,0,0,0,223,131072,4194304,200278016,223,1119,213773,18367119,223,1119,213773,18367119,255,3,37,7434,1472786432,28671,0,0,5,7,1,219.2645739910314,10904160,348933120,70.2279296875,2573,82363.76233183856,314635610,12.885026939621019,82363.76233183856,29.152941176470588,0.6429729461669922
389,8,32,2000,0,0,0,0,188,1048576,1048576,197132288,0,0,0,0,0,0,0,0,1208,32768,4194304,210632704,1208,2741,153118,24742406,1208,2741,153118,24742406,1209,24,38,40545,1444192256,16383,0,0,4,0,1,42.56953642384106,8513024,272416768,68.864453125,640,20482.12417218543,323421925,14.347131206746473,20482.12417218543,33.535980148883375,0.6395349502563477
390,8,256,2000,0,0,0,0,173,1048576,1048576,181403648,0,0,0,0,0,0,0,0,1062,32768,4194304,212140032,1063,15901,239510,133231555,1062,15901,239510,133087106,1280,31,263,282440,1380880384,30298111,0,0,0,7,1,48.76836158192091,1592265,407619840,65.8455078125,489,125317.42561205273,334621136,11.647143700064257,125335.42333019755,220.65625,0.6318864822387695
391,512,16,2000,0,0,0,0,289,1048576,1048576,303038464,0,0,0,0,0,0,0,0,364,32768,4194304,196673536,364,15730,257957,77209881,364,15730,257957,77209881,125,4,259,15615,1438646272,2736127,0,0,8,0,0,131.9120879120879,2547258,40756128,68.60000000000001,13257,212115.0576923077,314905111,12.872263740296622,212115.0576923077,124.92,0.6382749080657959
392,256,16,2000,0,0,0,0,297,1048576,1048576,311427072,0,0,0,0,0,0,0,0,130,1048576,4194304,192937984,130,61248,167813,12444440,130,61248,167813,12444440,129,16,18,2231,1500512256,1695743,0,0,8,9,1,362.33846153846156,15503950,248063200,71.55,5982,95726.46153846153,315661690,15.275931766194724,95726.46153846153,17.294573643410853,0.6351375579833984
393,32,1,2000,0,0,0,0,215,1048576,1048576,225443840,0,0,0,0,0,0,0,0,709,131072,4194304,161087488,709,876,109499,4288078,709,876,109499,4288078,693,2,18,1968,1532887040,65535,0,0,2,9,1,55.469675599435824,37566361,37566361,73.09375,6048,6048.0648801128345,235218622,38.394494659672745,6048.0648801128345,2.83982683982684,0.6362965106964111
394,64,64,2000,0,0,0,0,276,1048576,1048576,289406976,0,0,0,0,0,0,0,0,501,131072,4194304,187432960,501,933,183037,35090136,501,933,183037,35090136,564,2,67,26857,1563439104,9912319,0,0,5,0,0,91.3373253493014,5341471,341854144,74.5505859375,1094,70040.19161676646,293657431,16.103513454189255,70040.19161676646,47.61879432624114,0.6430933475494385
395,16,16,2000,0,0,0,0,254,1048576,1048576,266338304,0,0,0,0,0,0,0,0,1287,65536,4194304,196935680,1287,2776,145988,22816572,1287,2776,145988,22816572,1237,16,67,25925,1575653376,28671,0,0,7,9,1,37.35819735819736,8631256,138100096,75.1330078125,1108,17728.49417249417,306170587,22.643151452818106,17728.49417249417,20.957962813257883,0.640610933303833
396,256,128,2000,0,0,0,0,60,1048576,1048576,62914560,0,0,0,0,0,0,0,0,298,65536,4194304,195166208,298,2864,552387,36806154,298,2864,552387,36806154,411,9,133,27431,1446092800,183349247,0,0,9,2,0,159.89261744966444,5302542,678725376,68.955078125,964,123510.58389261745,314084184,11.573799234254265,123510.58389261745,66.74209245742092,0.6367380619049072
397,256,32,2000,0,0,0,0,185,1048576,1048576,193986560,0,0,0,0,0,0,0,0,135,1048576,4194304,189399040,135,547455,632802,78829351,135,547455,632802,78829351,39,33,129,3879,1398407168,291651583,0,0,3,2,1,342.51851851851853,2402646,76884672,66.68125,18247,583921.1185185185,300248569,17.140163212480296,583921.1185185185,99.46153846153847,0.6251940727233887
398,32,64,2000,0,0,0,0,519,1048576,1048576,544210944,0,0,0,0,0,0,0,0,579,131072,4194304,192733184,579,11922,1544685,55307985,579,11922,1544685,55307985,611,33,68,38040,1674522624,12287,0,0,4,4,1,81.26770293609673,3484726,223022464,79.8474609375,1492,95523.29015544041,300329655,18.879565288032715,95523.29015544041,62.258592471358426,0.6321580410003662
399,128,1,2000,0,0,0,0,243,1048576,1048576,254803968,0,0,0,0,0,0,0,0,342,131072,2097152,174587904,342,2966,110826,14196273,342,2966,110826,14196273,279,2,67,6779,1683431424,196607,0,0,2,7,0,124.63157894736842,12298150,12298150,80.272265625,41509,41509.570175438595,273589623,13.70751433157047,41509.570175438595,24.29749103942652,0.6370029449462891
400,256,16,2000,0,0,0,0,238,1048576,1048576,249561088,0,0,0,0,0,0,0,0,169,524288,2097152,186122240,169,3313,94365,9612025,169,3313,94365,9612025,184,2,19,2584,1700061184,1482751,0,0,7,8,0,268.8757396449704,19363478,309815648,81.06523437499999,3554,56875.887573964494,301434964,15.062667267147779,56875.887573964494,14.043478260869565,0.6396420001983643
401,64,4,2000,0,0,0,0,260,1048576,1048576,272629760,0,0,0,0,0,0,0,0,354,262144,2097152,210239488,354,2935,101321,5962200,354,2935,101321,5962200,341,5,18,2223,1707810816,122879,0,0,5,2,1,144.99435028248587,35262065,141048260,81.43476562500001,4210,16842.372881355932,322198553,17.818334772044246,16842.372881355932,6.519061583577713,0.6378047466278076
402,256,16,2000,0,0,0,0,238,1048576,1048576,249561088,0,0,0,0,0,0,0,0,199,262144,2097152,196083712,198,3504,81738,10077123,198,3504,81738,10077123,210,5,18,2905,1721716736,28671,0,0,7,2,0,240.56281407035175,19458302,311332832,82.0978515625,3180,50894.56060606061,314103783,15.29382202027605,50894.56060606061,13.833333333333334,0.6367692947387695
403,128,2,2000,0,0,0,0,272,1048576,1048576,285212672,0,0,0,0,0,0,0,0,217,524288,2097152,196083712,217,3828,83029,4855924,217,3828,83029,4855924,202,3,18,1049,1733390336,28671,0,0,3,0,1,220.6082949308756,40380309,80760618,82.6544921875,11188,22377.529953917052,301700430,19.532875880007953,22377.529953917052,5.193069306930693,0.6360518932342529
404,8,4,2000,0,0,0,0,151,1048576,1048576,158334976,0,0,0,0,0,0,0,0,696,65536,2097152,189661184,696,756,25000,3471885,696,756,25000,3471885,697,2,9,3923,1676914688,4095,0,0,6,1,1,66.52873563218391,54627726,218510904,79.9615234375,1247,4988.3405172413795,295462681,13.321750390992396,4988.3405172413795,5.628407460545193,0.6382713317871094
405,1,16,2000,0,0,0,0,40,1048576,1048576,41943040,0,0,0,0,0,0,0,0,691,32768,2097152,182788096,691,836,48949,10356954,691,836,48949,10356954,702,2,22,11482,1530265600,1286143,0,0,7,4,1,64.58176555716354,17648827,282381232,72.96875,936,14988.356005788712,290616683,14.189387721129572,14988.356005788712,16.356125356125357,0.6297118663787842
406,4,32,2000,0,0,0,0,105,1048576,1048576,110100480,0,0,0,0,0,0,0,0,1066,4096,1048576,195923968,1065,1331,66232,21731247,1065,1331,66232,21731247,1081,16,41,33207,1406861312,16383,0,0,3,4,1,44.871482176360225,9015771,288504672,67.084375,637,20404.92676056338,303637237,14.803372819379677,20404.92676056338,30.71877890841813,0.6409742832183838
407,4,8,2000,0,0,0,0,109,1048576,1048576,114294784,0,0,0,0,0,0,0,0,858,32768,1048576,190709760,858,693,47530,9667404,858,693,47530,9667404,835,8,38,11037,1293971456,258047,0,0,0,7,1,54.26573426573427,19727091,157816728,61.7013671875,1408,11267.37062937063,298674900,15.708413662946283,11267.37062937063,13.217964071856288,0.6366734504699707
408,4,16,2000,0,0,0,0,101,1048576,1048576,105906176,0,0,0,0,0,0,0,0,888,32768,1048576,195756032,886,624,36868,11014820,886,624,36868,11014820,897,3,24,14657,1178144768,28671,0,0,8,6,1,53.81981981981982,17772059,284352944,56.1783203125,777,12432.076749435666,307635985,14.136724625375228,12432.076749435666,16.340022296544035,0.6420562267303467
409,2,256,2000,0,0,0,0,58,1048576,1048576,60817408,0,0,0,0,0,0,0,0,1241,32768,1048576,195919872,1241,1570,196155,136672542,1241,1570,196155,136672542,1481,14,264,307332,1036611584,28671,0,0,7,4,1,38.54311039484287,1433498,366975488,49.4294921875,430,110130.97663174859,304351115,13.769241208732144,110130.97663174859,207.51654287643484,0.641566276550293
410,4,128,2000,0,0,0,0,28,1048576,1048576,29360128,0,0,0,0,0,0,0,0,1034,32768,1048576,191627264,1034,38287,240875,123248844,1034,38287,240875,123248844,898,103,264,132463,866938880,130256895,0,0,9,5,1,45.24564796905222,1554799,199014272,41.3388671875,931,119196.17408123791,303917684,17.85941600805069,119196.17408123791,147.50890868596883,0.6323754787445068
411,4,128,2000,0,0,0,0,0,0,0,0,0,0,0,0,0,0,0,0,999,32768,1048576,186646528,999,49649,131894,88244127,999,49649,131894,88244127,999,78,129,122794,669544448,353357823,0,0,9,1,1,45.613613613613616,2115115,270734720,31.9263671875,690,88332.45945945945,295621155,15.754846816283717,88332.45945945945,122.91691691691692,0.6314165592193604
412,4,64,2000,0,0,0,0,0,0,0,0,0,0,0,0,0,0,0,0,1097,32768,1048576,191758336,1097,6939,102840,55040838,1097,6939,102840,55040838,1033,39,129,73494,467300352,584478719,0,0,5,5,1,42.6763901549681,3483928,222971392,22.2826171875,783,50173.96353691887,306737805,16.524912535231717,50173.96353691887,71.14617618586641,0.6225214004516602
413,4,32,2000,0,0,0,0,0,0,0,0,0,0,0,0,0,0,0,0,8659,16384,1048576,188870656,8659,1245,76083,27214977,8659,1245,76083,27214977,8623,6,65,280038,265879552,1082417151,0,0,1,0,1,5.325210763367594,6939952,222078464,12.678125000000001,98,3142.9699734380415,295800079,18.173762557208196,3142.9699734380415,32.475704511191,0.6356267929077148
414,128,32,2000,0,0,0,0,0,0,0,0,0,0,0,0,0,0,0,0,2190,16384,524288,194347008,2188,590,69351,21685058,2188,590,69351,21685058,2192,6,33,68594,59277312,1714126847,0,0,3,2,0,21.665753424657535,8962254,286792128,2.8265625,309,9910.904021937842,303857863,14.618199848952573,9910.904021937842,31.29288321167883,0.6404027938842773
415,128,2,2000,0,0,0,0,0,0,0,0,0,0,0,0,0,0,0,0,92,32768,524288,47742976,92,3760,67043,5530801,92,3760,67043,5530801,60,3,33,1860,0,1883471871,0,0,0,0,0,126.69565217391305,8632199,17264398,0.0,30058,60117.40217391304,74835371,15.3065318706135,60117.40217391304,31.0,0.634415864944458
416,4,128,2000,0,0,0,0,0,0,0,0,0,0,0,0,0,0,0,0,0,0,0,0,0,0,0,0,0,0,0,0,0,0,0,0,0,1883471871,0,0,0,0,1,0.0,0,0,0.0,0,0,0,0,0,0,0.6171343326568604
417,16,128,2000,0,0,0,0,0,0,0,0,0,0,0,0,0,0,0,0,0,0,0,0,0,0,0,0,0,0,0,0,0,0,0,0,0,1883471871,0,0,0,0,1,0.0,0,0,0.0,0,0,0,0,0,0,0.6095466613769531
418,512,8,2000,0,0,0,0,0,0,0,0,0,0,0,0,0,0,0,0,0,0,0,0,0,0,0,0,0,0,0,0,0,0,0,0,0,1883471871,0,0,0,0,1,0.0,0,0,0.0,0,0,0,0,0,0,0.6119165420532227
419,128,64,2000,0,0,0,0,0,0,0,0,0,0,0,0,0,0,0,0,0,0,0,0,0,0,0,0,0,0,0,0,0,0,0,0,0,1883471871,0,0,0,0,1,0.0,0,0,0.0,0,0,0,0,0,0,0.6002089977264404
420,512,64,2000,0,0,0,0,0,0,0,0,0,0,0,0,0,0,0,0,0,0,0,0,0,0,0,0,0,0,0,0,0,0,0,0,0,1883471871,0,0,0,0,1,0.0,0,0,0.0,0,0,0,0,0,0,0.6000847816467285
421,8,128,2000,0,0,0,0,0,0,0,0,0,0,0,0,0,0,0,0,0,0,0,0,0,0,0,0,0,0,0,0,0,0,0,0,0,1883471871,0,0,0,0,1,0.0,0,0,0.0,0,0,0,0,0,0,0.6043305397033691
422,128,2,2000,0,0,0,0,0,0,0,0,0,0,0,0,0,0,0,0,0,0,0,0,0,0,0,0,0,0,0,0,0,0,0,0,0,1883471871,0,0,0,0,1,0.0,0,0,0.0,0,0,0,0,0,0,0.6211273670196533
423,2,4,2000,0,0,0,0,0,0,0,0,0,0,0,0,0,0,0,0,0,0,0,0,0,0,0,0,0,0,0,0,0,0,0,0,0,1883471871,0,0,0,0,1,0.0,0,0,0.0,0,0,0,0,0,0,0.6073379516601562
424,128,256,2000,0,0,0,0,0,0,0,0,0,0,0,0,0,0,0,0,0,0,0,0,0,0,0,0,0,0,0,0,0,0,0,0,0,1883471871,0,0,0,0,1,0.0,0,0,0.0,0,0,0,0,0,0,0.6107134819030762
425,16,64,2000,0,0,0,0,0,0,0,0,0,0,0,0,0,0,0,0,0,0,0,0,0,0,0,0,0,0,0,0,0,0,0,0,0,1883471871,0,0,0,0,1,0.0,0,0,0.0,0,0,0,0,0,0,0.6101264953613281
426,16,8,2000,0,0,0,0,0,0,0,0,0,0,0,0,0,0,0,0,0,0,0,0,0,0,0,0,0,0,0,0,0,0,0,0,0,1883471871,0,0,0,0,1,0.0,0,0,0.0,0,0,0,0,0,0,0.600714921951294
427,128,1,2000,0,0,0,0,0,0,0,0,0,0,0,0,0,0,0,0,0,0,0,0,0,0,0,0,0,0,0,0,0,0,0,0,0,1883471871,0,0,0,0,1,0.0,0,0,0.0,0,0,0,0,0,0,0.601111650466919
428,64,16,2000,0,0,0,0,0,0,0,0,0,0,0,0,0,0,0,0,0,0,0,0,0,0,0,0,0,0,0,0,0,0,0,0,0,1883471871,0,0,0,0,1,0.0,0,0,0.0,0,0,0,0,0,0,0.6145126819610596
429,256,2,2000,0,0,0,0,0,0,0,0,0,0,0,0,0,0,0,0,0,0,0,0,0,0,0,0,0,0,0,0,0,0,0,0,0,1883471871,0,0,0,0,1,0.0,0,0,0.0,0,0,0,0,0,0,0.6031572818756104
430,128,4,2000,0,0,0,0,0,0,0,0,0,0,0,0,0,0,0,0,0,0,0,0,0,0,0,0,0,0,0,0,0,0,0,0,0,1883471871,0,0,0,0,1,0.0,0,0,0.0,0,0,0,0,0,0,0.6018311977386475
431,1024,128,2000,0,0,0,0,0,0,0,0,0,0,0,0,0,0,0,0,0,0,0,0,0,0,0,0,0,0,0,0,0,0,0,0,0,1883471871,0,0,0,0,1,0.0,0,0,0.0,0,0,0,0,0,0,0.6089882850646973
432,1,4,2000,0,0,0,0,0,0,0,0,0,0,0,0,0,0,0,0,0,0,0,0,0,0,0,0,0,0,0,0,0,0,0,0,0,1883471871,0,0,0,0,1,0.0,0,0,0.0,0,0,0,0,0,0,0.6083755493164062
433,1024,32,2000,0,0,0,0,0,0,0,0,0,0,0,0,0,0,0,0,0,0,0,0,0,0,0,0,0,0,0,0,0,0,0,0,0,1883471871,0,0,0,0,1,0.0,0,0,0.0,0,0,0,0,0,0,0.6038205623626709
